species	NCBI.taxid	No_AAS_total	No_CDS_total	No_AAS_Busco	No_CDS_Busco	No_AAS_CDS_corresponding	nb_gene_to_study
Acinonyx_jubatus	32536	56261	56361	953	953	951	724
Acomys_russatus	60746	33440	33557	902	902	899	709
Ailuropoda_melanoleuca	9646	53684	53813	929	929	913	711
Alligator_mississippiensis	8496	42388	42494	968	968	958	721
Antechinus_flavipes	38775	40823	41031	913	913	897	677
Aotus_nancymaae	37293	47568	47641	923	923	887	682
Apodemus_sylvaticus	10129	46365	46632	918	918	915	708
Aquila_chrysaetos	8962	52413	52443	932	932	926	720
Artibeus_jamaicensis	9417	42600	42787	924	924	912	708
Arvicanthis_niloticus	61156	41473	41699	893	893	892	700
Arvicola_amphibius	1047088	40754	40990	863	863	838	658
Athalia_rosae	37344	22113	22113	971	971	971	728
Balaenoptera_acutorostrata	9767	37625	37684	927	927	882	686
Balaenoptera_musculus	9771	52259	52306	853	853	837	656
Bison_bison	9901	35554	35692	937	937	902	689
Bos_mutus	72004	28881	28990	934	934	897	690
Bos_taurus	9913	63687	63863	942	942	800	610
Bubalus_bubalis	89462	64378	64670	900	900	895	698
Budorcas_taxicolor	37181	28977	29116	876	876	873	679
Caenorhabditis_elegans	6239	28350	30301	866	866	866	673
Callithrix_jacchus	9483	85133	85291	869	869	862	680
Callorhinus_ursinus	34884	46164	46221	806	806	802	619
Camelus_dromedarius	9838	51736	51822	957	957	925	709
Camelus_ferus	419612	54519	54601	937	937	934	713
Canis_lupus	9612	62946	63166	931	931	924	719
Capra_hircus	9925	42653	42815	936	936	926	714
Carlito_syrichta	1868482	33081	33260	915	915	896	694
Castor_canadensis	51338	37422	37636	935	935	803	611
Cavia_porcellus	10141	37360	37654	950	950	914	688
Cebus_imitator	2715852	55885	56047	875	875	867	686
Ceratitis_capitata	7213	22949	22949	970	970	967	727
Ceratotherium_simum	9807	33629	33782	959	959	949	724
Cercocebus_atys	9531	65920	66135	939	939	909	695
Cervus_canadensis	1574408	56132	56339	841	841	837	656
Cervus_elaphus	9860	19243	19243	828	828	828	627
Cervus_hanglu	2100816	19312	19312	846	846	845	659
Chinchilla_lanigera	34839	45448	45609	949	949	841	631
Chlorocebus_sabaeus	60711	61846	62042	872	872	858	670
Choloepus_didactylus	27675	54527	54704	796	796	781	616
Chrysochloris_asiatica	185453	25227	25375	926	926	907	701
Colobus_angolensis	54131	38656	38775	914	914	883	690
Condylura_cristata	143302	29166	29250	929	929	916	693
Crocuta_crocuta	9678	17057	19698	831	831	828	642
Dasypus_novemcinctus	9361	38156	38498	927	927	879	673
Delphinapterus_leucas	9749	50490	50540	938	938	934	716
Desmodus_rotundus	9430	44446	44497	914	914	838	656
Dipodomys_ordii	10020	29351	29552	942	942	926	704
Dipodomys_spectabilis	105255	37300	37670	909	909	905	698
Dromiciops_gliroides	33562	43302	43431	854	854	801	623
Echinops_telfairi	9371	32083	32137	894	894	864	666
Elephantulus_edwardii	28737	25209	25317	861	861	836	653
Elephas_maximus	9783	53692	53885	941	941	940	716
Enhydra_lutris	34882	36603	36734	944	944	937	717
Eptesicus_fuscus	29078	38834	39013	904	904	904	707
Equus_asinus	9793	42247	42462	950	950	947	723
Equus_caballus	9796	60900	61177	941	941	929	713
Equus_przewalskii	9798	38416	38627	941	941	918	705
Equus_quagga	89248	48865	49056	914	914	913	699
Erinaceus_europaeus	9365	29382	29483	936	936	924	708
Eumetopias_jubatus	34886	39926	39994	921	921	918	704
Felis_catus	9685	54726	54812	955	955	942	720
Fukomys_damarensis	885580	47201	47380	939	939	927	705
Galemys_pyrenaicus	202257	20909	20936	923	923	824	631
Galeopterus_variegatus	482537	32104	32364	919	919	885	679
Globicephala_melas	9731	54546	54607	941	941	938	718
Gorilla_gorilla	9593	51652	51793	922	922	913	691
Gracilinanus_agilis	191870	28926	29049	877	877	867	670
Grammomys_surdaster	491861	38183	38463	908	908	905	701
Halichoerus_grypus	9711	60137	60231	878	878	835	650
Haliotis_rufescens	6454	55609	55609	957	957	957	716
Heterocephalus_glaber	10181	60814	60912	935	935	910	693
Hipposideros_armiger	186990	45789	45923	931	931	913	702
Homo_sapiens	9606	113620	114507	947	947	932	703
Hyaena_hyaena	95912	41367	41482	920	920	912	708
Hylobates_moloch	81572	54438	54573	882	882	878	694
Ictidomys_tridecemlineatus	43179	55882	56003	929	929	921	708
Jaculus_jaculus	51337	44841	44894	841	841	834	651
Lagenorhynchus_obliquidens	90247	54600	54651	944	944	941	716
Lemur_catta	9447	45154	45273	916	916	911	702
Leopardus_geoffroyi	46844	67505	67613	944	944	938	718
Leptonychotes_weddellii	9713	40286	40334	918	918	892	685
Lipotes_vexillifer	118797	25953	25982	932	932	891	678
Lontra_canadensis	76717	48337	48471	904	904	899	697
Loxodonta_africana	9785	41267	41482	950	950	905	693
Lutra_lutra	9657	57487	57607	880	880	856	666
Lynx_canadensis	61383	42066	42155	939	939	883	682
Lynx_pardinus	191816	31025	31025	920	920	911	703
Lynx_rufus	61384	38579	38697	941	941	941	723
Macaca_fascicularis	9541	73371	73577	889	889	883	685
Macaca_mulatta	9544	67976	68172	928	928	881	678
Macaca_nemestrina	9545	66484	66722	938	938	907	698
Macaca_thibetana	54602	62468	62648	885	885	878	685
Mandrillus_leucophaeus	9568	38336	38534	930	930	903	699
Manis_javanica	9974	55869	55934	934	934	926	704
Manis_pentadactyla	143292	58167	58229	918	918	913	700
Marmota_flaviventris	93162	37627	37793	895	895	894	691
Marmota_marmota	9993	56596	56804	902	902	882	676
Marmota_monax	9995	50783	51018	880	880	878	678
Mastomys_coucha	35658	54407	54522	939	939	932	716
Meles_meles	9662	50518	50628	902	902	899	706
Meriones_unguiculatus	10047	38763	38999	885	885	878	670
Mesocricetus_auratus	10036	53064	53304	899	899	899	704
Microtus_fortis	100897	47830	48087	866	866	856	675
Microtus_ochrogaster	79684	37795	37971	937	937	925	714
Microtus_oregoni	111838	50326	50590	786	786	785	621
Miniopterus_natalensis	291302	29787	29861	958	958	948	724
Mirounga_angustirostris	9716	42520	42591	888	888	883	684
Mirounga_leonina	9715	45186	45230	876	876	875	680
Molossus_molossus	27622	42753	42794	903	903	898	700
Monodelphis_domestica	13616	49112	49302	932	932	907	687
Monodon_monoceros	40151	45047	45097	935	935	930	714
Moschus_berezovskii	68408	45574	45649	864	864	852	664
Muntiacus_muntjak	9888	25737	25737	875	875	873	682
Mus_caroli	10089	47409	47577	940	940	908	694
Mus_musculus	10090	76226	77058	940	940	939	721
Mus_pahari	10093	42226	42393	938	938	922	711
Mustela_erminea	36723	60443	60556	915	915	906	699
Mustela_putorius	9668	57554	57696	911	911	907	705
Myodes_glareolus	447135	46944	47127	852	852	844	666
Myotis_brandtii	109478	40808	40937	890	890	857	672
Myotis_davidii	225400	33106	33196	933	933	888	679
Myotis_lucifugus	59463	43106	43257	904	904	861	665
Myotis_myotis	51298	61156	61234	861	861	857	676
Nannospalax_galili	1026970	47817	48035	949	949	906	685
Neogale_vison	452646	44272	44368	902	902	898	692
Neomonachus_schauinslandi	29088	28381	28431	928	928	921	709
Neophocaena_asiaeorientalis	189058	38119	38173	942	942	922	708
Nomascus_leucogenys	61853	51330	51472	937	937	934	713
Nyctereutes_procyonoides	34880	27168	27168	890	890	890	691
Nycticebus_coucang	9470	56351	56518	819	819	816	643
Ochotona_curzoniae	130825	41968	42075	877	877	876	671
Ochotona_princeps	9978	29688	29729	917	917	899	690
Octodon_degus	10160	42423	42600	873	873	849	653
Odocoileus_virginianus	9874	48221	48326	925	925	912	694
Onychomys_torridus	38674	43242	43554	913	913	904	701
Orcinus_orca	9733	63212	63268	896	896	894	692
Ornithorhynchus_anatinus	9258	43095	43203	954	954	942	709
Orycteropus_afer	9818	25544	25653	951	951	930	708
Oryx_dammah	59534	43963	44076	869	869	867	672
Otolemur_garnettii	30611	32556	32670	939	939	929	704
Ovis_ammon	30527	20907	20907	878	878	878	686
Ovis_aries	9940	42390	42628	907	907	887	692
Pan_paniscus	9597	70846	70991	896	896	893	696
Pan_troglodytes	9598	80807	80981	942	942	902	690
Panthera_leo	9689	53278	53409	932	932	921	706
Panthera_pardus	9691	56348	56530	935	935	930	711
Panthera_tigris	9694	29473	29550	944	944	907	697
Panthera_uncia	29064	43841	43941	920	920	914	704
Papio_anubis	9555	71983	72195	899	899	884	684
Perognathus_longimembris	38669	40270	40381	879	879	871	676
Peromyscus_californicus	42520	51825	52107	886	886	882	689
Peromyscus_leucopus	10041	48177	48592	862	862	832	646
Peromyscus_maniculatus	10042	45588	45916	927	927	921	705
Phacochoerus_africanus	41426	48130	48234	946	946	929	714
Phascolarctos_cinereus	38626	46908	47079	959	959	911	687
Phoca_vitulina	9720	45385	45438	889	889	888	691
Phocoena_sinus	42100	52282	52320	893	893	865	678
Phodopus_roborovskii	109678	34929	35082	891	891	886	686
Phyllostomus_discolor	89673	46999	47220	928	928	891	689
Phyllostomus_hastatus	9423	45413	45674	936	936	935	722
Physeter_catodon	9755	51736	51779	876	876	870	680
Piliocolobus_tephrosceles	591936	55454	55603	910	910	901	699
Pipistrellus_kuhlii	59472	53802	53872	899	899	895	696
Pongo_abelii	9601	49720	49875	937	937	824	623
Pongo_pygmaeus	9600	68930	69154	887	887	885	689
Prionailurus_bengalensis	37029	51608	51737	942	942	930	716
Prionailurus_viverrinus	61388	56347	56463	943	943	942	724
Propithecus_coquereli	379532	28194	28300	933	933	908	692
Psammomys_obesus	48139	38692	38918	914	914	898	696
Pteronotus_parnellii	59476	34115	34285	907	907	903	697
Pteropus_alecto	9402	39706	39743	952	952	928	707
Pteropus_giganteus	143291	53198	53505	944	944	928	708
Pteropus_vampyrus	132908	43630	43832	953	953	942	718
Puma_concolor	9696	23358	23419	932	932	904	690
Puma_yagouaroundi	1608482	55586	55694	934	934	929	716
Rangifer_tarandus	9870	26502	26502	882	882	878	685
Rattus_norvegicus	10116	56110	56593	894	894	817	637
Rattus_rattus	10117	35475	35713	878	878	850	664
Rhinolophus_ferrumequinum	59479	48673	48806	894	894	875	678
Rhinopithecus_bieti	61621	49592	49776	927	927	833	637
Rhinopithecus_roxellana	61622	53702	53850	906	906	900	699
Rousettus_aegyptiacus	9407	56391	56463	952	952	943	717
Sander_lucioperca	283035	56557	56899	930	930	928	718
Sapajus_apella	9515	62192	62340	923	923	914	708
Sarcophilus_harrisii	9305	45893	46002	946	946	934	711
Sciurus_carolinensis	30640	52005	52153	876	876	834	648
Sorex_araneus	42254	39879	40221	900	900	896	694
Sorex_cinereus	36803	32645	32923	928	928	925	708
Sturnira_hondurensis	192404	42753	42999	920	920	911	705
Suncus_etruscus	109475	26602	26729	853	853	831	657
Suricata_suricatta	37032	43269	43409	944	944	935	712
Sus_scrofa	9823	63575	63712	947	947	833	634
Symphalangus_syndactylus	9590	67212	67335	845	845	835	653
Tachyglossus_aculeatus	9261	33269	33397	954	954	948	712
Talpa_occidentalis	50954	39507	39745	887	887	858	670
Theropithecus_gelada	9565	52434	52610	922	922	919	709
Trachypithecus_francoisi	54180	64364	64531	852	852	826	657
Tribolium_castaneum	7070	22610	22610	961	961	955	715
Trichechus_manatus	9778	36406	36491	954	954	943	721
Trichosurus_vulpecula	9337	35542	35644	835	835	819	648
Tursiops_truncatus	9739	55739	55802	900	900	898	694
Ursus_americanus	9643	45856	46017	954	954	953	727
Ursus_arctos	9644	51919	52138	953	953	951	724
Ursus_maritimus	29073	41487	41611	952	952	938	715
Vicugna_pacos	30538	44159	44289	951	951	918	700
Vombatus_ursinus	29139	42624	42735	876	876	865	648
Vulpes_lagopus	494514	52703	52785	870	870	869	682
Vulpes_vulpes	9627	37915	38026	929	929	913	705
Zalophus_californianus	9704	61024	61096	845	845	830	654
