species	NCBI.taxid	dN	dS	dNdS
Oopsacas_minuta	111878	0.8966912411	8.800724274	0.101888346138635
Amphimedon_queenslandica	400682	0.6775767835	6.713724537	0.100924126357256
Trichoplax_adhaerens	10228	0.6810547023	6.947153349	0.098033635949325
Hydra_vulgaris	6087	0.6609691712	6.829667533	0.0967791137718328
Dendronephthya_gigantea	151771	0.12837419	1.359642961	0.0944175740854661
Paramuricea_clavata	317549	0.1366792487	1.441879597	0.0947924146956357
Nematostella_vectensis	45351	0.3906149787	3.881315694	0.100639836976889
Acropora_millepora	45264	0.009356217225	0.06046225334	0.154744765670356
Acropora_digitifera	70779	0.02124751474	0.107660574	0.197356506198824
Desmophyllum_pertusum	174260	0.109776627	0.7969905717	0.13773892803505
Orbicella_faveolata	48498	0.1093005821	0.9335213961	0.117084174563784
Pocillopora_damicornis	46731	0.05960911933	0.4599739904	0.129592369512378
Stylophora_pistillata	50429	0.06018467064	0.4663374468	0.129058198206012
Saccoglossus_kowalevskii	10224	0.4634542812	4.926409632	0.0940754658706383
Anneissia_japonica	1529436	0.4805762208	4.847211175	0.0991448904224809
Lytechinus_variegatus	7654	0.4366437587	4.1566037	0.105048205269124
Asterias_rubens	7604	0.2067403811	2.119401023	0.0975466081484476
Acanthaster_planci	133434	0.1329024138	1.238738334	0.107288529104323
Patiria_miniata	46514	0.1104680408	1.02463872	0.107811698546781
Branchiostoma_belcheri	7741	0.04675923936	0.4823022073	0.0969500836866686
Branchiostoma_lanceolatum	7740	0.05057797746	0.4819904706	0.104935637829185
Branchiostoma_floridae	7739	0.05258079047	0.5465762443	0.0962002849892245
Styela_clava	7725	0.4758284189	4.904730769	0.0970141769875402
Ciona_intestinalis	7719	0.5035758151	5.096753595	0.0988032491101819
Owenia_fusiformis	6347	0.4927954079	4.860718696	0.101383239541415
Lamellibrachia_satsuma	104711	0.4146086741	3.758510255	0.110311970959356
Capitella_teleta	283909	0.4667768962	4.474319731	0.104323545089094
Helobdella_robusta	6412	0.600681836	5.792199499	0.103705308510818
Dimorphilus_gyrociliatus	2664684	0.6503788001	6.666901194	0.0975533881746021
Sepia_pharaonis	158019	0.257623096	2.750915746	0.0936499405242053
Octopus_sinensis	2607531	0.02389626521	0.1618558886	0.147639146259644
Octopus_bimaculoides	37653	0.02456442977	0.162992452	0.15070900197268
Mercenaria_mercenaria	6596	0.250376698	2.663321884	0.0940091768494626
Dreissena_polymorpha	45954	0.2580251315	2.551071158	0.101143839398932
Mya_arenaria	6604	0.2413401013	2.421076757	0.0996829615592398
Mytilus_californianus	6549	0.3627780665	3.829396503	0.0947350492997512
Pecten_maximus	6579	0.0915567319	0.9495704147	0.0964191075065515
Mizuhopecten_yessoensis	6573	0.09467095628	0.9340317176	0.101357324913181
Ostrea_edulis	37623	0.1423894058	1.620370032	0.0878746230725156
Crassostrea_angulata	558553	0.005929243811	0.06614279508	0.0896430790961971
Crassostrea_gigas	29159	0.005798679352	0.06501944851	0.089183767086369
Lottia_gigantea	225164	0.222837854	2.442538757	0.091232064736486
Patella_vulgata	6465	0.1913067604	2.11388259	0.0905001826047491
Gigantopelta_aegis	1735272	0.3365955641	3.236071333	0.104013641685691
Haliotis_rubra	36100	0.05447655943	0.5612495197	0.0970629951881632
Haliotis_rufescens	6454	0.05048988779	0.5066099132	0.0996622578328181
Pomacea_canaliculata	400727	0.4129328623	4.014981494	0.102848011358729
Aplysia_californica	6500	0.268850352	2.627552318	0.102319695085896
Biomphalaria_glabrata	6526	0.2836361539	3.098648834	0.0915354301487137
Candidula_unifasciata	100452	0.257882465	2.610056132	0.0988034172285763
Plakobranchus_ocellatus	259542	0.1591273621	1.837035053	0.0866218430835789
Elysia_marginata	1093978	0.1364283801	1.541884214	0.0884815985929797
Elysia_chlorotica	188477	0.1313337338	1.493593102	0.0879314008776133
Priapulus_caudatus	37621	0.6289944007	5.630109363	0.111719748258112
Paramacrobiotus_metropolitanus	2943436	0.4210548878	4.156111878	0.101309805933959
Hypsibius_exemplaris	2072580	0.3741093516	3.585041491	0.104352865242753
Ramazzottius_varieornatus	947166	0.4214673524	4.055995405	0.10391218685318
Sparganum_proliferum	64606	0.40229237	4.002413136	0.100512454944131
Echinococcus_granulosus	6210	0.452408776	4.470922658	0.101189130433846
Fasciolopsis_buski	27845	0.422839715	4.325700752	0.0977505701947826
Paragonimus_westermani	34504	0.07445539132	0.5669586781	0.131324193801065
Paragonimus_heterotremus	100268	0.06180826485	0.4781322736	0.129270221364952
Opisthorchis_viverrini	6198	0.04112430795	0.2782736171	0.14778371150874
Opisthorchis_felineus	147828	0.03709781573	0.2361332557	0.157105426002052
Clonorchis_sinensis	79923	0.03259414974	0.2180386981	0.149487912118477
Trichobilharzia_regenti	157069	0.2059172309	1.870179898	0.110105573864959
Schistosoma_mansoni	6183	0.04666977435	0.2728904103	0.171020206604893
Schistosoma_spindale	6189	0.03014462276	0.1807198555	0.166803048157594
Schistosoma_margrebowiei	48269	0.01781843074	0.1044126848	0.170653889171903
Schistosoma_curassoni	6186	0.006746136358	0.03058957843	0.22053708172009
Schistosoma_bovis	6184	0.006573765955	0.03553577207	0.184990097923036
Schistosoma_mattheei	31246	0.01405556746	0.07264789721	0.193475214008882
Schistosoma_haematobium	6185	0.01624834427	0.06814649338	0.238432580520257
Notodromas_monacha	399045	0.661983374	6.365748231	0.10399144766302
Darwinula_stevensoni	69355	0.4983360887	4.804551364	0.103721669505707
Folsomia_candida	158441	0.3999105665	4.106038022	0.0973957290111036
Orchesella_cincta	48709	0.3853191819	3.975446636	0.0969247526581564
Daphnia_magna	35525	0.02603595229	0.2696917626	0.0965396645377555
Daphnia_sinensis	1820382	0.03020958977	0.3544341423	0.0852332948907332
Daphnia_galeata	27404	0.06782271698	0.6957729946	0.0974782256661044
Daphnia_pulex	6669	0.005602367841	0.05902168498	0.0949204998620153
Daphnia_pulicaria	35523	0.005499229667	0.05936421569	0.0926354303359617
Eurytemora_affinis	88015	0.571872453	5.702840104	0.100278535356249
Tigriopus_californicus	6832	0.511770968	5.088793294	0.100568236600101
Lepeophtheirus_salmonis	72036	0.5495534383	5.630499507	0.0976029635766382
Armadillidium_nasatum	96803	0.4635109144	4.958940878	0.0934697399713584
Trinorchestia_longiramus	1923959	0.2368077702	2.249226983	0.105284069589165
Hyalella_azteca	294128	0.2302942342	2.198049323	0.104772095780673
Penaeus_japonicus	27405	0.05237490536	0.6353049511	0.0824405748283802
Penaeus_chinensis	139456	0.06088294544	0.7175756188	0.0848453373343626
Homarus_americanus	6706	0.1302323718	1.263584005	0.10306585971702
Procambarus_clarkii	6728	0.1083695279	1.038104791	0.104391703842931
Cherax_quadricarinatus	27406	0.1373540841	1.190809701	0.115345116843317
Eriocheir_sinensis	95602	0.1431587041	1.24731105	0.114773860217145
Portunus_trituberculatus	210409	0.1190015827	1.116951559	0.106541399885364
Chionoecetes_opilio	41210	0.1913603244	1.422637234	0.134510977097061
Halotydeus_destructor	2874060	0.5485753715	5.457904323	0.100510257973608
Leptotrombidium_deliense	299467	0.4223004741	4.367270611	0.0966966583285077
Tetranychus_urticae	32264	0.5406715007	5.554256564	0.0973436308658067
Oppia_nitens	1686743	0.4366908961	4.444771603	0.0982482195047447
Blomia_tropicalis	40697	0.3877742597	3.825791773	0.101357910390383
Sarcoptes_scabiei	52283	0.4052887558	4.021308095	0.100785303245958
Dermatophagoides_farinae	6954	0.08834782356	0.6718956122	0.131490401121569
Dermatophagoides_pteronyssinus	6956	0.1030648118	0.8919831492	0.115545693763875
Euroglyphus_maynei	6958	0.1082061262	0.8765954381	0.123439070632782
Galendromus_occidentalis	34638	0.3345108371	3.416929954	0.0978980668621573
Tropilaelaps_mercedesae	418985	0.1926960032	2.117331452	0.0910088984972014
Varroa_jacobsoni	62625	0.0006664944371	0.006681887714	0.0997464287978904
Varroa_destructor	109461	0.000692142058	0.006899859987	0.100312478703055
Ixodes_persulcatus	34615	0.02747468638	0.1985636501	0.138367150111127
Ixodes_scapularis	6945	0.01639650093	0.1362911546	0.120304952864491
Dermacentor_andersoni	34620	0.03191604241	0.2954192009	0.108036452311722
Dermacentor_silvarum	543639	0.02669790344	0.2348521118	0.113679639648018
Rhipicephalus_sanguineus	34632	0.03248602071	0.3139687222	0.103468971311436
Rhipicephalus_microplus	6941	0.06296313551	0.5864475501	0.107363626123536
Limulus_polyphemus	6850	0.3778510355	3.932068657	0.0960947197163857
Centruroides_sculpturatus	218467	0.3903271307	4.141952087	0.0942374809030475
Uloborus_diversus	327109	0.2641757798	2.866959371	0.0921449332251455
Stegodyphus_mimosarum	407821	0.03755270077	0.2668590467	0.140721108144467
Stegodyphus_dumicola	202533	0.03055964264	0.2302599751	0.132717996806558
Parasteatoda_tepidariorum	114398	0.2818724915	2.955955301	0.0953574945482574
Oedothorax_gibbosus	931172	0.2674818976	3.059123811	0.0874374213420811
Nephila_pilipes	299642	0.07091909926	0.6164333793	0.115047467644489
Trichonephila_inaurata	2747482	0.03103176229	0.2243633587	0.138310294826229
Trichonephila_clavata	2740835	0.0315216317	0.2341231582	0.134636966041064
Araneus_ventricosus	182803	0.05760391443	0.6146552867	0.0937174310161188
Argiope_bruennichi	94029	0.05497117084	0.6015365038	0.0913845967663451
Caerostris_darwini	1538125	0.01482298645	0.09388783523	0.157879733979249
Caerostris_extrusa	172846	0.02258264178	0.1350663215	0.167196689220562
Petromyzon_marinus	7757	0.3663505396	2.072111054	0.176800629914501
Pristis_pectinata	685728	0.04947765956	0.3488853735	0.141816376718928
Amblyraja_radiata	386614	0.01680228365	0.05109098457	0.328869834696161
Leucoraja_erinacea	7782	0.009662408322	0.04486082534	0.215386325346639
Carcharodon_carcharias	13397	0.04163898676	0.2893029246	0.143928675513984
Scyliorhinus_torazame	75743	0.03000757848	0.1265230566	0.237170831043612
Scyliorhinus_canicula	7830	0.02083559224	0.1079986085	0.192924636061399
Rhincodon_typus	259920	0.01988780865	0.0903250488	0.220180436260113
Stegostoma_fasciatum	378071	0.02978040099	0.1779725239	0.167331452841188
Chiloscyllium_punctatum	137246	0.01853647487	0.08277414802	0.223940388556113
Chiloscyllium_plagiosum	36176	0.01181964592	0.05733151056	0.206163169338268
Erpetoichthys_calabaricus	27687	0.01736895884	0.1068086703	0.162617499040244
Polypterus_senegalus	55291	0.01945303859	0.1131182564	0.171970813634288
Lepisosteus_oculatus	7918	0.0173101361	0.08995232987	0.192436773177713
Atractosteus_spatula	7917	0.01864869562	0.09322335468	0.20004317248627
Protopterus_annectens	7888	0.2700233939	2.570196153	0.105059449873046
Rhinatrema_bivittatum	194408	0.07629179104	0.569668966	0.13392302476242
Microcaecilia_unicolor	1415580	0.04888956734	0.2916628023	0.167623594625251
Geotrypetes_seraphini	260995	0.05861392347	0.3774117324	0.155304985081593
Hymenochirus_boettgeri	247094	0.1352530442	1.263899904	0.107012464968112
Xenopus_tropicalis	8364	0.10210848	0.9586848961	0.106508906539974
Spea_bombifrons	233779	0.1479892993	1.498731052	0.0987430660774753
Bombina_bombina	8345	0.1519761118	1.578870129	0.0962562461652601
Nanorana_parkeri	125878	0.06379695651	0.4403267409	0.144885492031674
Rana_temporaria	8407	0.07289036284	0.507293879	0.143684688219942
Engystomops_pustulosus	76066	0.08978003471	0.8163762991	0.109973837811039
Eleutherodactylus_coqui	57060	0.0959405365	0.734481597	0.130623472244738
Bufo_gargarizans	30331	0.01620018178	0.07432539065	0.217962955032245
Bufo_bufo	8384	0.01205248881	0.05882443571	0.204889153028477
Gavialis_gangeticus	94835	0.01333839309	0.07513137433	0.177534261937146
Crocodylus_porosus	8502	0.01421170596	0.08449138557	0.168203016959945
Alligator_sinensis	38654	0.00997999307	0.04075203786	0.244895558457356
Alligator_mississippiensis	8496	0.01042533299	0.04969613433	0.2097815681351
Pelodiscus_sinensis	13735	0.06374511955	0.4100151801	0.15547014511622
Chelydra_serpentina	8475	0.03474064426	0.1478882891	0.234911394752216
Dermochelys_coriacea	27794	0.01905461945	0.09509623515	0.20037196446257
Chelonia_mydas	8469	0.007216199886	0.03698207854	0.195126941775188
Caretta_caretta	8467	0.007818025913	0.04332206487	0.180462910446678
Platysternon_megacephalum	55544	0.02313950223	0.07812610444	0.29618144147672
Terrapene_carolina	158814	0.01644420229	0.06697088419	0.245542559111911
Chrysemys_picta	8479	0.007548471412	0.02979892619	0.253313537671473
Malaclemys_terrapin	8485	0.003902933061	0.02168432993	0.17998864034993
Trachemys_scripta	34903	0.01136479306	0.03623205036	0.313666848745239
Mauremys_reevesii	260615	0.005049077038	0.02915611586	0.173173856978904
Mauremys_mutica	74926	0.004402490917	0.02492317511	0.17664245817675
Chelonoidis_abingdonii	106734	0.01401591179	0.07584432911	0.18479841478553
Gopherus_flavomarginatus	286002	0.00515614224	0.02998246012	0.171971953580973
Gopherus_evgoodei	1825980	0.009111666371	0.04031697733	0.226000731563276
Eublepharis_macularius	481883	0.05493580504	0.4319684684	0.12717549788641
Sphaerodactylus_townsendi	933632	0.07937948551	0.5422677869	0.146384290986177
Gekko_japonicus	146911	0.05392674301	0.3832687093	0.140702180223613
Hemicordylus_capensis	884348	0.08479600496	0.6822708689	0.124284956056696
Varanus_komodoensis	61221	0.150361323	0.9587441552	0.156831540702987
Podarcis_raffonei	65483	0.006393161032	0.06530074304	0.0979033428162351
Podarcis_muralis	64176	0.008066037027	0.06570438609	0.122762535456177
Lacerta_agilis	80427	0.01360631247	0.1004405258	0.135466360431976
Zootoca_vivipara	8524	0.01610797932	0.1119771982	0.143850530098368
Phrynocephalus_forsythii	171643	0.07574830343	0.5519847772	0.137228971810131
Pogona_vitticeps	103695	0.04794258293	0.3683574276	0.130152344809132
Sceloporus_undulatus	8520	0.02990409781	0.2450842985	0.122015559515739
Phrynosoma_platyrhinos	52577	0.05385104104	0.3020535666	0.178283082852364
Python_bivittatus	176946	0.03307130098	0.2336467198	0.141544041398522
Protobothrops_mucrosquamatus	103944	0.01215217965	0.06307474298	0.192663165569351
Crotalus_tigris	88082	0.01376666156	0.08720127092	0.157872258222358
Pantherophis_guttatus	94885	0.0211955869	0.1446821144	0.14649763025581
Thamnophis_elegans	35005	0.03488186635	0.2353521337	0.148211387768693
Ophiophagus_hannah	8665	0.05911882247	0.2208415911	0.267697865132797
Naja_naja	35670	0.0324789866	0.138667792	0.234221560259646
Pseudonaja_textilis	8673	0.009727950321	0.06037277169	0.161131418165638
Notechis_scutatus	8663	0.01339913739	0.05392108217	0.248495335233736
Tachyglossus_aculeatus	9261	0.04102315827	0.2484823892	0.165094831879538
Ornithorhynchus_anatinus	9258	0.0358332493	0.2223504956	0.161156597395054
Gracilinanus_agilis	191870	0.01501262853	0.1378028029	0.108942838709125
Monodelphis_domestica	13616	0.02265812486	0.1656168594	0.13681049708397
Dromiciops_gliroides	33562	0.03647508602	0.3019792541	0.120786727978079
Antechinus_flavipes	38775	0.01512257324	0.1038562055	0.145610685150634
Sarcophilus_harrisii	9305	0.01270127535	0.09789894814	0.12973862938585
Trichosurus_vulpecula	9337	0.0316108477	0.2380725218	0.132778228503648
Vombatus_ursinus	29139	0.01789513029	0.1302023662	0.137440899211554
Phascolarctos_cinereus	38626	0.02274040485	0.1431175776	0.1588931648463
Choloepus_didactylus	27675	0.04340773906	0.2945365401	0.14737641395958
Dasypus_novemcinctus	9361	0.05197020499	0.3432871677	0.151389885436723
Trichechus_manatus	9778	0.03227712521	0.2133629027	0.151278056314145
Elephas_maximus	9783	0.001889256119	0.01180853602	0.159990714835453
Loxodonta_africana	9785	0.003812673065	0.01458098399	0.261482563015968
Chrysochloris_asiatica	185453	0.05596340921	0.4630302669	0.120863393196036
Echinops_telfairi	9371	0.08793454449	0.7344241551	0.119732642069795
Orycteropus_afer	9818	0.04865337018	0.3732337904	0.13035628453645
Elephantulus_edwardii	28737	0.08008774329	0.7036184545	0.113822687250168
Galeopterus_variegatus	482537	0.04781701203	0.3484412681	0.137231196209161
Lemur_catta	9447	0.02018853385	0.1326903212	0.152147750246007
Propithecus_coquereli	379532	0.02065930393	0.1311755859	0.157493513661524
Otolemur_garnettii	30611	0.01756529798	0.1393466019	0.126054727854831
Nycticebus_coucang	9470	0.01932630412	0.1283519786	0.15057270118312
Carlito_syrichta	1868482	0.05715734761	0.4597738125	0.124316231277309
Callithrix_jacchus	9483	0.01406427853	0.09455109846	0.148747912600401
Aotus_nancymaae	37293	0.01103959334	0.06999008694	0.157730813357381
Sapajus_apella	9515	0.00834112443	0.0313124613	0.266383544560261
Cebus_imitator	2715852	0.003487465662	0.01961980495	0.177752310529468
Symphalangus_syndactylus	9590	0.006898003547	0.02648699358	0.260429841769909
Nomascus_leucogenys	61853	0.00281852609	0.0191448354	0.147221223432404
Hylobates_moloch	81572	0.003283641771	0.01990825197	0.164938728721545
Pongo_abelii	9601	0.002798475423	0.008082703406	0.346230126534474
Pongo_pygmaeus	9600	0.0008485549406	0.004476893717	0.189541006385254
Gorilla_gorilla	9593	0.009967489402	0.03580727924	0.278364891540416
Homo_sapiens	9606	0.003260763725	0.01785959351	0.182577712262836
Pan_paniscus	9597	0.001410145403	0.005860136154	0.240633556276242
Pan_troglodytes	9598	0.001062909914	0.005117907025	0.207684490712295
Colobus_angolensis	54131	0.008885588204	0.03642252604	0.243958592938932
Piliocolobus_tephrosceles	591936	0.004352571788	0.02994272678	0.14536324029471
Trachypithecus_francoisi	54180	0.004746682346	0.0245622316	0.193251265735968
Rhinopithecus_bieti	61621	0.005594545595	0.01478423582	0.378412902980872
Rhinopithecus_roxellana	61622	0.0009053806761	0.005463429155	0.165716558303207
Chlorocebus_sabaeus	60711	0.005110248196	0.03540264172	0.144346521833512
Theropithecus_gelada	9565	0.001829443641	0.01093414932	0.167314675102681
Papio_anubis	9555	0.002844268221	0.01247503058	0.227996893695791
Cercocebus_atys	9531	0.003158974474	0.0170245319	0.185554263257012
Mandrillus_leucophaeus	9568	0.004878277528	0.02129432706	0.22908812822564
Macaca_thibetana	54602	0.001966273361	0.01026906256	0.191475448660622
Macaca_nemestrina	9545	0.002414448802	0.0107880406	0.223807908361042
Macaca_fascicularis	9541	0.001134638211	0.006537153222	0.173567632953976
Macaca_mulatta	9544	0.0008552155691	0.006664843643	0.12831742422018
Ochotona_princeps	9978	0.01763979026	0.1313659748	0.134279750040724
Ochotona_curzoniae	130825	0.01408210211	0.136778691	0.102955380016029
Sciurus_carolinensis	30640	0.02449595659	0.2123350544	0.115364637549927
Ictidomys_tridecemlineatus	43179	0.007116159217	0.05481633171	0.129818231082067
Marmota_monax	9995	0.002065617972	0.01210307344	0.170668878631542
Marmota_marmota	9993	0.005640466118	0.01642531003	0.343400892141334
Marmota_flaviventris	93162	0.001768866324	0.01181205853	0.149750893928224
Fukomys_damarensis	885580	0.03552030021	0.2494375581	0.142401571281258
Heterocephalus_glaber	10181	0.03036062818	0.1924322161	0.157773104708323
Cavia_porcellus	10141	0.0447324244	0.3852011099	0.116127454595374
Chinchilla_lanigera	34839	0.02973251615	0.2517100354	0.118122092759437
Octodon_degus	10160	0.04129345238	0.3630536666	0.113739251738492
Castor_canadensis	51338	0.04683095619	0.4033116308	0.116116056700639
Perognathus_longimembris	38669	0.03293724305	0.2864031333	0.115003082090932
Dipodomys_ordii	10020	0.006144484655	0.04839304722	0.126970401906425
Dipodomys_spectabilis	105255	0.005410556236	0.04067749031	0.133011063238331
Jaculus_jaculus	51337	0.06927251364	0.6018640096	0.115096620723407
Nannospalax_galili	1026970	0.05217432686	0.4396100788	0.118683190800402
Onychomys_torridus	38674	0.01776708033	0.143846576	0.123514099703006
Peromyscus_californicus	42520	0.008322303711	0.07309671679	0.113853317583459
Peromyscus_leucopus	10041	0.003715696191	0.03725174389	0.0997455636431951
Peromyscus_maniculatus	10042	0.007066590573	0.04887195264	0.14459398880691
Phodopus_roborovskii	109678	0.0248299043	0.2231044178	0.111292750474617
Mesocricetus_auratus	10036	0.02364638794	0.2228545955	0.10610679975859
Myodes_glareolus	447135	0.01409402853	0.1210124919	0.116467550652926
Arvicola_amphibius	1047088	0.01109382399	0.1030840374	0.107619222818682
Microtus_fortis	100897	0.008317797057	0.06210025611	0.133941429199043
Microtus_oregoni	111838	0.005364078314	0.04431709777	0.121038573912012
Microtus_ochrogaster	79684	0.007760243152	0.05033536224	0.154170801731773
Acomys_russatus	60746	0.03695667489	0.3448154856	0.107178118249803
Psammomys_obesus	48139	0.00868261512	0.06314399992	0.137504990672121
Meriones_unguiculatus	10047	0.006914645211	0.0648948896	0.106551459654536
Apodemus_sylvaticus	10129	0.02664944628	0.2744674716	0.097095098827733
Rattus_rattus	10117	0.01077933277	0.05689094765	0.18947360195713
Rattus_norvegicus	10116	0.004692044905	0.04364049656	0.107515845942519
Arvicanthis_niloticus	61156	0.01372118826	0.1372269901	0.0999889908683496
Grammomys_surdaster	491861	0.01596618899	0.1392943109	0.114621974772984
Mastomys_coucha	35658	0.02225034387	0.1984132495	0.112141421634244
Mus_pahari	10093	0.01601935147	0.1368325196	0.11707269234557
Mus_caroli	10089	0.007280492357	0.07020813559	0.103698699528449
Mus_musculus	10090	0.007719546553	0.07119226803	0.108432372877165
Talpa_occidentalis	50954	0.02485311559	0.2012764547	0.123477510705578
Condylura_cristata	143302	0.04471012019	0.3282547878	0.13620553865993
Galemys_pyrenaicus	202257	0.04132235736	0.286905747	0.144027639014146
Erinaceus_europaeus	9365	0.09112287621	0.744276958	0.122431408403214
Suncus_etruscus	109475	0.07345099258	0.5789560302	0.126867998170131
Sorex_araneus	42254	0.02154856103	0.2042945334	0.105477913047281
Sorex_cinereus	36803	0.01880389023	0.1828820074	0.102819793468649
Vicugna_pacos	30538	0.006362182561	0.04706598329	0.135175813108992
Camelus_dromedarius	9838	0.001398553127	0.007402565088	0.188928176973025
Camelus_ferus	419612	0.001249615007	0.007284617122	0.171541617915111
Phacochoerus_africanus	41426	0.006141296751	0.0392163244	0.156600518915536
Sus_scrofa	9823	0.003761571547	0.03256575047	0.115506981804863
Balaenoptera_musculus	9771	0.005804489054	0.02590781406	0.224043952166607
Balaenoptera_acutorostrata	9767	0.006222218959	0.02828698537	0.219967553191406
Physeter_catodon	9755	0.0126129131	0.06416456154	0.196571328429279
Lipotes_vexillifer	118797	0.009422691368	0.05384328309	0.175002169764608
Orcinus_orca	9733	0.002653759179	0.01508701192	0.175896936588355
Lagenorhynchus_obliquidens	90247	0.004045848604	0.01918727575	0.210861023561409
Globicephala_melas	9731	0.002283669106	0.01371766458	0.16647652322171
Tursiops_truncatus	9739	0.002139253263	0.01328911944	0.160977803883746
Delphinapterus_leucas	9749	0.001696640283	0.008391421802	0.20218746274864
Monodon_monoceros	40151	0.001934954205	0.008253659485	0.234435913974467
Phocoena_sinus	42100	0.001780441562	0.008500151216	0.209459986858662
Neophocaena_asiaeorientalis	189058	0.002756592529	0.01125145556	0.244998748321946
Cervus_canadensis	1574408	0.004024394971	0.02273038283	0.177049150517981
Rangifer_tarandus	9870	0.007003880364	0.03807920025	0.18392929258014
Odocoileus_virginianus	9874	0.005931543204	0.03931543615	0.150870593966436
Cervus_hanglu	2100816	0.01183482453	0.04028156994	0.293802464691127
Muntiacus_muntjak	9888	0.01179542484	0.09469151611	0.124566860100726
Cervus_elaphus	9860	0.04667623229	0.1174311438	0.397477455976206
Moschus_berezovskii	68408	0.01647940513	0.1284483473	0.128295968585031
Bos_taurus	9913	0.002443432907	0.01844635083	0.132461587092128
Bubalus_bubalis	89462	0.009675920063	0.08491660306	0.113946150862432
Bison_bison	9901	0.00592740485	0.02104820408	0.281610954904804
Bos_mutus	72004	0.002411743679	0.01295775094	0.186123632887174
Oryx_dammah	59534	0.008634886584	0.06667744509	0.12950236129091
Ovis_aries	9940	0.001800251663	0.01435554991	0.125404576925747
Ovis_ammon	30527	0.007846449664	0.02784843069	0.281755541320953
Budorcas_taxicolor	37181	0.005321527882	0.04306818455	0.123560534013733
Capra_hircus	9925	0.00403985785	0.03343060697	0.120843090094813
Rhinolophus_ferrumequinum	59479	0.02510088711	0.1922822923	0.130541854945423
Hipposideros_armiger	186990	0.02857648906	0.2033068606	0.140558409960515
Pteropus_vampyrus	132908	0.005898327985	0.0200071782	0.29481058878158
Pteropus_giganteus	143291	0.00557888278	0.01987491271	0.280699737473212
Rousettus_aegyptiacus	9407	0.02665367331	0.2153152862	0.123789043408846
Pteropus_alecto	9402	0.002796027427	0.02117363798	0.132052292083252
Pteronotus_parnellii	59476	0.02921549286	0.2417311349	0.120859453508486
Phyllostomus_hastatus	9423	0.007257757426	0.06216694834	0.116746239276637
Phyllostomus_discolor	89673	0.010249462	0.07927520026	0.129289638706489
Sturnira_hondurensis	192404	0.02782221676	0.1998006523	0.139249879516034
Desmodus_rotundus	9430	0.02650266006	0.2253737235	0.117594276956604
Artibeus_jamaicensis	9417	0.02154548089	0.1827648459	0.117886351633446
Molossus_molossus	27622	0.03629360936	0.2827845168	0.1283436935328
Miniopterus_natalensis	291302	0.03509862527	0.2787841641	0.125898920346889
Eptesicus_fuscus	29078	0.009094438266	0.0660518265	0.137686400935484
Pipistrellus_kuhlii	59472	0.0315067468	0.2367722286	0.133067746104747
Myotis_davidii	225400	0.01140453349	0.07230218692	0.157734281296619
Myotis_myotis	51298	0.0064853814	0.04666503033	0.138977331722223
Myotis_lucifugus	59463	0.01494598733	0.05505292067	0.271484003902168
Myotis_brandtii	109478	0.004549997812	0.02911301725	0.156287401368541
Ceratotherium_simum	9807	0.02584975229	0.1852587571	0.139533227441695
Equus_quagga	89248	0.002928285363	0.0111068668	0.263646392428151
Equus_asinus	9793	0.001694541678	0.008222178499	0.206094002727634
Equus_przewalskii	9798	0.003693506905	0.009858469855	0.374653162136184
Equus_caballus	9796	0.000521812337	0.002620225453	0.199147877295275
Manis_pentadactyla	143292	0.01324517196	0.0603377522	0.219517159275284
Manis_javanica	9974	0.01136024348	0.06272346331	0.181116330006427
Hyaena_hyaena	95912	0.002647486476	0.01801891838	0.146928157404751
Crocuta_crocuta	9678	0.03233248874	0.0856314694	0.37757718005479
Panthera_pardus	9691	0.001572758715	0.01015061327	0.154942235820201
Panthera_uncia	29064	0.001787435023	0.009082576138	0.196798242683776
Panthera_tigris	9694	0.005499684857	0.01540660727	0.356969237978116
Leopardus_geoffroyi	46844	0.003482117124	0.02791130603	0.124756509790595
Prionailurus_bengalensis	37029	0.003050748515	0.02142075203	0.142420233926773
Felis_catus	9685	0.00275469732	0.02164710205	0.127254785127231
Lynx_pardinus	191816	0.01095612886	0.0370240043	0.295919608565949
Puma_yagouaroundi	1608482	0.002654181389	0.01910780301	0.138905628638255
Acinonyx_jubatus	32536	0.002716656971	0.01771154276	0.153383418249444
Puma_concolor	9696	0.009000918643	0.03627864671	0.24810513785011
Lynx_rufus	61384	0.001317996098	0.009185856767	0.143481019945235
Lynx_canadensis	61383	0.00158547147	0.009447930954	0.167811500498821
Prionailurus_viverrinus	61388	0.003104479674	0.02320658312	0.133775819471005
Panthera_leo	9689	0.007285838205	0.03668025283	0.198631079201315
Suricata_suricatta	37032	0.0468829635	0.4194777214	0.111765085744075
Canis_lupus	9612	0.003642370342	0.02902923378	0.125472493335647
Nyctereutes_procyonoides	34880	0.00449830635	0.03371057566	0.133439025051642
Vulpes_vulpes	9627	0.00159691603	0.01110823086	0.143759708465404
Vulpes_lagopus	494514	0.00328977688	0.0143536532	0.229194396308809
Ailuropoda_melanoleuca	9646	0.009512748583	0.06017637604	0.158081114367485
Ursus_americanus	9643	0.00121840648	0.008089911999	0.150608125298595
Ursus_maritimus	29073	0.0008760270533	0.005161472167	0.169724261791219
Ursus_arctos	9644	0.0007368842737	0.004517792455	0.163107154885892
Neogale_vison	452646	0.005750895453	0.04689603145	0.122630748811475
Mustela_erminea	36723	0.003157662539	0.02766835212	0.114125428406612
Mustela_putorius	9668	0.003698620564	0.03198962091	0.1156193933778
Lutra_lutra	9657	0.006969927432	0.04680419967	0.148916710063253
Lontra_canadensis	76717	0.00627262567	0.04972986877	0.126133967877752
Meles_meles	9662	0.01525663495	0.1400512445	0.108936089818181
Enhydra_lutris	34882	0.005819329693	0.04022241664	0.14467876818751
Callorhinus_ursinus	34884	0.002980114791	0.01611571973	0.184919745498701
Zalophus_californianus	9704	0.0009485021972	0.006337264448	0.149670603930587
Eumetopias_jubatus	34886	0.0009344730956	0.006448374021	0.144916081566727
Phoca_vitulina	9720	0.001127131644	0.00858967236	0.131219398920124
Halichoerus_grypus	9711	0.002550535724	0.01040999154	0.245008433887738
Neomonachus_schauinslandi	29088	0.004082277799	0.02207891457	0.184894859122597
Leptonychotes_weddellii	9713	0.01318018808	0.03724962811	0.353834085029742
Mirounga_angustirostris	9716	0.001746776032	0.007366295528	0.237130865217169
Mirounga_leonina	9715	0.0009115748287	0.00527104842	0.172939945920664
Struthio_camelus	8801	0.02755788223	0.2104413281	0.130952805130106
Apteryx_mantelli	2696672	0.004637763727	0.01642048236	0.282437727791573
Apteryx_rowi	308060	0.007827859272	0.02247421266	0.348304049197335
Tinamus_guttatus	94827	0.03327987624	0.1984663682	0.167685218114451
Nothocercus_nigrocapillus	1977171	0.03979111497	0.1409197971	0.282367103763024
Nothocercus_julius	2585813	0.006714132634	0.06001946873	0.111865912445906
Nothoprocta_pentlandii	2585814	0.003470736597	0.01226332879	0.283017495203274
Nothoprocta_ornata	83376	0.01208484088	0.03358697801	0.35980732998372
Crypturellus_undulatus	48396	0.01253216725	0.08570817575	0.14621904083637
Crypturellus_soui	458187	0.01321785857	0.09495446801	0.139202070708331
Oxyura_jamaicensis	8884	0.01362282984	0.1157150328	0.117727399028141
Anser_cygnoides	8845	0.007588676249	0.05485844303	0.138331965507115
Cygnus_olor	8869	0.003070197073	0.01939367434	0.158309200163665
Cygnus_atratus	8868	0.01021561457	0.03351724604	0.30478681207306
Asarcornis_scutulata	75869	0.01620371018	0.06565895149	0.246786002704717
Aix_galericulata	8832	0.04646242663	0.1604866701	0.289509568620553
Aythya_fuligula	219594	0.005421320769	0.04805540798	0.112813957822526
Anas_platyrhynchos	8839	0.008701620249	0.06460814117	0.134683030519387
Numida_meleagris	8996	0.01874022489	0.1719122841	0.109010388571761
Callipepla_squamata	9009	0.03113927268	0.2149772999	0.144849119858166
Bambusicola_thoracicus	9083	0.05928990408	0.340337224	0.174209283907187
Odontophorus_gujanensis	886794	0.02227804341	0.1586308755	0.140439516202506
Coturnix_japonica	93934	0.04132057943	0.2959004555	0.13964351410064
Gallus_gallus	9031	0.01886534864	0.1447882331	0.13029614517756
Meleagris_gallopavo	9103	0.01226362981	0.1029190638	0.119158000055574
Phasianus_colchicus	9054	0.01355209741	0.1115033727	0.121539798141012
Lagopus_muta	64668	0.007066793657	0.03702932158	0.19084318468359
Lagopus_leucura	30410	0.003497000546	0.0279368666	0.125175117026188
Centrocercus_urophasianus	9002	0.003596913102	0.03016860197	0.11922703960816
Tympanuchus_pallidicinctus	109042	0.003826699234	0.03216039223	0.118987952840649
Tyto_alba	56313	0.0382815357	0.2377867637	0.160991028702915
Calidris_pugnax	198806	0.04184709992	0.3697503536	0.113176632591596
Harpia_harpyja	202280	0.009369490172	0.04725260707	0.198285147698201
Aquila_chrysaetos	8962	0.006052413132	0.04471421951	0.13535768259684
Accipiter_gentilis	8957	0.007168689973	0.0628796564	0.114006506769016
Haliaeetus_leucocephalus	52644	0.004607108634	0.01276623669	0.360882282372911
Haliaeetus_albicilla	8969	0.009540175506	0.02131349019	0.447612072023573
Cariama_cristata	54380	0.02953122968	0.2078325873	0.142091430721461
Falco_naumanni	148594	0.003259219925	0.02378921548	0.137004094470458
Falco_peregrinus	8954	0.003716204994	0.01135206899	0.327359267924956
Falco_biarmicus	345155	0.005884746256	0.011199546	0.52544507214846
Falco_rusticolus	120794	0.005832386193	0.01241507256	0.469782690742486
Falco_cherrug	345164	0.0004239529992	0.001667538985	0.254238733255163
Nestor_notabilis	176057	0.02094363203	0.1379521833	0.151818054118466
Strigops_habroptila	2489341	0.01446946315	0.09984839764	0.144914325036734
Melopsittacus_undulatus	13146	0.0310459154	0.1934601166	0.160477084091657
Probosciger_aterrimus	141839	0.03575062663	0.1647484257	0.217001324765922
Amazona_guildingii	175529	0.02320884577	0.1424337026	0.162944902409635
Pelecanus_crispus	36300	0.02329466419	0.1602943819	0.145324270968726
Colius_striatus	57412	0.06152341974	0.4919286664	0.12506573400212
Phaethon_lepturus	97097	0.0242995685	0.1901558658	0.127787635673346
Indicator_indicator	1002788	0.02077101403	0.1421785779	0.146091023955867
Dryobates_pubescens	118200	0.0266816009	0.2249866985	0.118591903778703
Gavia_stellata	37040	0.01815933643	0.14460616	0.125577889835398
Tauraco_erythrolophus	121530	0.03436953538	0.2707508797	0.126941546480227
Egretta_garzetta	188379	0.03005414831	0.2141127035	0.140366021346323
Nipponia_nippon	128390	0.02358845819	0.1584245347	0.148893971723939
Fulmarus_glacialis	30455	0.02069024731	0.1272355321	0.162613752373344
Pygoscelis_adeliae	9238	0.009988573286	0.05507742405	0.181355127954645
Aptenodytes_forsteri	9233	0.006998784703	0.0415673772	0.168372054588039
Charadrius_vociferus	50402	0.02819926312	0.2153369545	0.130954128080232
Leptosomus_discolor	188344	0.03410973864	0.2739880628	0.124493520963717
Opisthocomus_hoazin	30419	0.04065079925	0.262171034	0.15505450251228
Columbina_picui	115618	0.05882331663	0.240697524	0.244386878819742
Columba_livia	8932	0.01094391622	0.08849596946	0.12366570236791
Patagioenas_fasciata	372321	0.01902585887	0.1221573676	0.155748762795049
Gymnogyps_californianus	33616	0.01751994489	0.12277124	0.142703982545098
Balearica_regulorum	925459	0.02021372611	0.09184404224	0.220087505046642
Grus_americana	9117	0.01367479028	0.07524424968	0.18173867555536
Apaloderma_vittatum	57397	0.0497545179	0.3706009456	0.134253618321043
Buceros_rhinoceros	175835	0.04298730566	0.3849053603	0.111682792950701
Athene_cunicularia	194338	0.03391747683	0.2498662694	0.135742519034064
Chlamydotis_macqueenii	187382	0.040423588	0.2686084446	0.150492617833356
Antrostomus_carolinensis	279965	0.04501770183	0.3058096234	0.147208257639154
Syrrhaptes_paradoxus	302527	0.0541036124	0.1966825258	0.275080931465239
Pterocles_gutturalis	240206	0.0175981156	0.08495566707	0.207144693308098
Aegotheles_bennettii	48278	0.05601421224	0.3728032521	0.150251404526307
Trogon_melanurus	56311	0.04965401867	0.4044746734	0.122761749833704
Corythaixoides_concolor	103956	0.03272627636	0.2538568823	0.128916246286067
Chauna_torquata	30388	0.0367876255	0.2107004908	0.174596771750852
Anseranas_semipalmata	8851	0.02690399595	0.1776929705	0.151407204653602
Penelope_pileata	1118817	0.05618708972	0.3713144046	0.151319445256986
Alectura_lathami	81907	0.06830728814	0.4957308891	0.137791066971864
Steatornis_caripensis	48435	0.04414487945	0.2608304971	0.169247384568973
Anhinga_anhinga	56067	0.02981288547	0.1946938272	0.15312701947851
Eurypyga_helias	54383	0.06435307472	0.4249730069	0.151428617053654
Pterocles_burchelli	2585816	0.0473976178	0.31287022	0.151492902712185
Eurystomus_gularis	325343	0.04677486806	0.3442713115	0.135866296428246
Oreotrochilus_melanogaster	689266	0.03472982174	0.1281215512	0.271069319835085
Calypte_anna	9244	0.02247524384	0.113071994	0.19876932425902
Eudyptes_filholi	1419345	0.0009370409872	0.005462841089	0.171529973494347
Eudyptes_chrysocome	79626	0.007806012882	0.0203641105	0.383322064668624
Eudyptes_sclateri	92688	0.006215111914	0.01871622809	0.332070750800516
Psophia_crepitans	54359	0.033755159	0.2760918746	0.12226060273923
Podilymbus_podiceps	9252	0.03230188718	0.244993416	0.13184798068206
Oceanites_oceanicus	79653	0.02503330178	0.1021339665	0.245102610207545
Fregetta_grallaria	79628	0.01886650305	0.07825608824	0.241086712539722
Calonectris_borealis	1323832	0.02870873527	0.1114366934	0.257623717952134
Pelecanoides_urinatrix	37079	0.01712813766	0.08872978534	0.193037068605175
Mesembrinibis_cayennensis	1118748	0.02278512372	0.1740155392	0.130937293443734
Brachypteracias_leptosomus	135165	0.06281411142	0.5422951058	0.115830127818203
Pygoscelis_antarcticus	79643	0.02809524202	0.1473227227	0.19070542211748
Glareola_pratincola	43316	0.0292899075	0.2009004355	0.14579315085656
Stercorarius_parasiticus	54059	0.01784734786	0.1178284616	0.151468903333284
Turnix_velox	2529409	0.08378548978	0.6202935636	0.135073930630094
Megadyptes_antipodes	37085	0.003201925547	0.01634231906	0.195928468612337
Eudyptes_moseleyi	2495534	0.003244258476	0.01395324413	0.232509260625973
Eudyptes_schlegeli	57240	0.003894304399	0.01242714857	0.313370712280782
Eudyptes_chrysolophus	79627	0.002176759175	0.0082653618	0.26335921253925
Eudyptula_novaehollandiae	2052820	0.000767348614	0.006385052387	0.120178906528994
Eudyptula_minor	37083	0.007656776182	0.01505119705	0.508715430179024
Eudyptula_albosignata	345258	0.002743891042	0.007629549037	0.359640003451491
Pygoscelis_papua	30457	0.01326615598	0.06085390297	0.218000084342002
Aptenodytes_patagonicus	9234	0.01102036621	0.05466131539	0.201611800436404
Spheniscus_magellanicus	37081	0.000788369566	0.005478971376	0.143890068390093
Spheniscus_demersus	92683	0.004514192263	0.01069459355	0.422100404460906
Ibidorhyncha_struthersii	425643	0.02247313706	0.1673217494	0.134310913796841
Burhinus_bistriatus	240201	0.02589067089	0.145501306	0.177941158067681
Chionis_minor	227182	0.02147427298	0.1967737876	0.10913177635048
Eolophus_roseicapilla	176039	0.0684073236	0.4172848943	0.163934339666798
Pluvianellus_socialis	227228	0.03770081351	0.2704720722	0.13938893285116
Urocolius_indicus	458196	0.05760029483	0.4877682507	0.118089471275216
Atlantisia_rogersi	2478892	0.0938504955	0.5391818714	0.174060925409667
Scopus_umbretta	33581	0.0450458556	0.2677056865	0.168266338264727
Sula_dactylatra	56068	0.05468485284	0.2700565917	0.202494049472224
Nyctiprogne_leucopyga	382315	0.05609137452	0.3285639814	0.170716748320971
Sagittarius_serpentarius	56258	0.04780803695	0.2401497801	0.199075913915442
Fregata_magnificens	37042	0.0450794859	0.2028730748	0.222205366308176
Geococcyx_californianus	8947	0.05046722802	0.272570622	0.185152851946018
Crotophaga_sulcirostris	33598	0.03137505993	0.1931516341	0.162437455298754
Centropus_bengalensis	1463675	0.03170371178	0.1260312874	0.251554296032685
Centropus_unirufus	1118519	0.01086756865	0.05333936218	0.203743880800938
Piaya_cayana	33601	0.03191730199	0.2108943009	0.151342648207143
Ceuthmochares_aereus	1961834	0.03209480959	0.1594866931	0.201238165806574
Baryphthengus_martii	176943	0.04572845436	0.3216665507	0.142161049261999
Halcyon_senegalensis	342381	0.0214173592	0.1763633988	0.121438798218488
Ceyx_cyanopectus	390723	0.09038556456	0.5512506029	0.163964563638575
Chloroceryle_aenea	176938	0.03874829446	0.2264771085	0.171091439292197
Rhinopomastus_cyanomelas	113115	0.04083939641	0.3186361047	0.128169393887271
Upupa_epops	57439	0.03892632772	0.3259038435	0.119441143442667
Indicator_maculatus	545262	0.037108301	0.229042903	0.162014629198094
Tricholaema_leucomelas	240729	0.0383969873	0.2146514629	0.178880622480957
Psilopogon_haemacephalus	2585815	0.04287059479	0.2640705157	0.162345253412174
Eubucco_bourcierii	91767	0.01974893081	0.1206919963	0.163630824043301
Ramphastos_sulfuratus	322582	0.0293564368	0.1190626174	0.246563005593727
Spizaetus_tyrannus	252798	0.00735443536	0.04788362184	0.153589788687547
Circaetus_pectoralis	321084	0.01960390166	0.07023694813	0.279110954874001
Ciccaba_nigrolineata	1118524	0.02653056319	0.2017943402	0.131473277019095
Herpetotheres_cachinnans	56343	0.03622131939	0.2128355838	0.170184509297265
Aramus_guarauna	54356	0.02484138983	0.1747690983	0.142138341798608
Zapornia_atra	2585822	0.0383040382	0.3063587641	0.125030006282102
Heliornis_fulica	54369	0.0395797906	0.298109915	0.132769118397152
Nyctibius_bracteatus	48426	0.03774644411	0.2186140438	0.172662485236001
Alopecoenas_beccarii	262131	0.02723281844	0.1466012108	0.185761210916274
Caloenas_nicobarica	187106	0.01305527293	0.09643522358	0.135378676435273
Galbula_dea	1109041	0.0394635346	0.3006026978	0.131281372019676
Bucco_capensis	135168	0.05272234104	0.3676475347	0.143404582008204
Glaucidium_brasilianum	78217	0.0345195627	0.2622937163	0.131606518017069
Chunga_burmeisteri	1352770	0.03246818585	0.207523589	0.156455398667956
Oceanodroma_tethys	79633	0.04218626776	0.1739800027	0.242477681947984
Cochlearius_cochlearius	110676	0.02540127626	0.1917100827	0.132498384551581
Lophotis_ruficrista	172689	0.01317292557	0.09785376386	0.134618486304181
Ardeotis_kori	89386	0.01539875841	0.09765682639	0.157682355440304
Chordeiles_acutipennis	118183	0.05061198368	0.3054005426	0.165723293249971
Arenaria_interpres	54971	0.02894623433	0.189988993	0.152357428043213
Pedionomus_torquatus	227192	0.02493448047	0.1718898168	0.145060835680639
Thinocorus_orbignyianus	161742	0.02208329248	0.207979249	0.106180268397834
Jacana_jacana	54508	0.05825259589	0.3363325439	0.173199403229085
Rostratula_benghalensis	118793	0.02338892735	0.1574297781	0.148567365286784
Nycticryphes_semicollaris	227226	0.01677108022	0.1196206807	0.140202180106805
Dromas_ardeola	458190	0.014686582	0.1016930713	0.144420675000304
Larus_smithsonianus	243888	0.03589065523	0.1387710344	0.258632180592869
Uria_aalge	13746	0.01559349767	0.0987635582	0.157887159537352
Rynchops_niger	227184	0.01145705169	0.09361530778	0.122384383085345
Rhinoptilus_africanus	240209	0.03196364107	0.2086473676	0.153194557102095
Cepphus_grylle	28697	0.0161059338	0.1081067504	0.148981758682111
Rissa_tridactyla	75485	0.006312568668	0.03204200489	0.197009166238848
Phaetusa_simplex	297813	0.02580202919	0.1292605688	0.199612530174786
Chroicocephalus_maculipennis	287016	0.006594130552	0.0291130899	0.22650053892081
Mesitornis_unicolor	54374	0.04656584577	0.3237154251	0.143848090512261
Cuculus_canorus	55661	0.05527637076	0.4224531325	0.130846161402295
Apus_apus	8895	0.01524941125	0.09156499319	0.166541936156289
Chaetura_pelagica	8897	0.0222004303	0.1181111426	0.187962200782232
Acanthisitta_chloris	57068	0.05163349002	0.3870857223	0.133390324275466
Empidonax_traillii	164674	0.009467873152	0.0842940138	0.112319638432023
Myiozetetes_cayanensis	478635	0.0135930701	0.06660348335	0.204089477251042
Pitangus_sulphuratus	371930	0.04941744123	0.1839766697	0.268607108230528
Neopelma_chrysocephalum	114329	0.009376507729	0.07396297074	0.126773000532401
Corapipo_altera	415028	0.00615377825	0.04728030536	0.130155213743738
Chiroxiphia_lanceolata	296741	0.007936447706	0.04674307316	0.169788744501967
Lepidothrix_coronata	321398	0.004402985166	0.03678871343	0.119683042854375
Pipra_filicauda	649802	0.01123881829	0.04599413048	0.244353315797264
Manacus_candei	415023	0.004915425517	0.02135745192	0.230150372591826
Manacus_vitellinus	328815	0.004022053163	0.01735714607	0.231723184605313
Corvus_hawaiiensis	134902	0.002777673123	0.01373845962	0.202182282426798
Corvus_kubaryi	68294	0.008574061841	0.02497706011	0.343277463530114
Corvus_moneduloides	1196302	0.005501815876	0.0184618391	0.29801017364516
Corvus_brachyrhynchos	85066	0.01038127373	0.0243880541	0.425670440430916
Corvus_cornix	181096	0.005492787104	0.01504869183	0.365000969257007
Pseudopodoces_humilis	181119	0.01288618136	0.05556610878	0.231907211840577
Parus_major	9157	0.008846245497	0.05234560612	0.16899690638256
Cyanistes_caeruleus	156563	0.009570602349	0.05924863837	0.161532865772085
Ficedula_albicollis	59894	0.02671386945	0.1823562712	0.146492737947583
Thryothorus_ludovicianus	74200	0.03635286715	0.215201407	0.168924858144631
Passer_montanus	9160	0.01453742567	0.1068156759	0.13609824164395
Pyrgilauda_ruficollis	221976	0.005459183424	0.03019274314	0.180811110758848
Onychostruthus_taczanowskii	356909	0.007956624858	0.04437570375	0.179301378583771
Motacilla_alba	45807	0.01867372338	0.1295863357	0.144102565128709
Serinus_canaria	9135	0.01742237257	0.116350011	0.14974104789728
Melozone_crissalis	40204	0.01741376977	0.1284519732	0.135566385912085
Geospiza_fortis	48883	0.008363648253	0.02080791927	0.401945439352908
Camarhynchus_parvulus	87175	0.003872047282	0.0123428292	0.313708244621906
Vidua_macroura	187451	0.01027490174	0.07032864208	0.146098395136254
Chloebia_gouldiae	44316	0.02395451329	0.1035713773	0.231285070397533
Taeniopygia_guttata	59729	0.01281610358	0.07038007886	0.182098454386415
Lonchura_striata	40157	0.009962920108	0.06729212391	0.148054772670349
Vidua_chalybeata	81927	0.01602683459	0.1078452835	0.148609508639291
Zosterops_borbonicus	364589	0.03184219319	0.2115059853	0.150549844463432
Hirundo_rustica	43150	0.02016825635	0.1506895456	0.133839784768719
Sturnus_vulgaris	9172	0.01225022951	0.07917123707	0.154730808351129
Lamprotornis_superbus	245042	0.02662864292	0.09795323416	0.271850573882062
Turdus_rufiventris	311356	0.02242081721	0.1037594202	0.216084642404353
Catharus_ustulatus	91951	0.009761283524	0.07494681811	0.130242801097617
Agelaius_phoeniceus	39638	0.003985057545	0.03085675207	0.129147018972046
Molothrus_ater	84834	0.007995574644	0.03619250425	0.220917972096391
Loxia_curvirostra	64802	0.00608954934	0.0199826392	0.304741995241549
Loxia_leucoptera	96539	0.006146998212	0.02071864503	0.296689199660466
Urocynchramus_pylzowi	571890	0.01979140219	0.1341947683	0.147482665984081
Promerops_cafer	254652	0.02075017581	0.1355942268	0.153031410700149
Melanocharis_versteri	254552	0.01874891727	0.1381300307	0.135733823955488
Cnemophilus_loriae	254448	0.01956124006	0.1401255917	0.139597912291991
Ptilonorhynchus_violaceus	28724	0.0276455121	0.2768583071	0.0998543709581182
Ptilorrhoa_leucosticta	449384	0.02175487017	0.1280796935	0.169854171067328
Eulacestoma_nigropectus	461239	0.01455670632	0.1135062542	0.128245852377005
Lanius_ludovicianus	28713	0.01985257169	0.1494719772	0.132818017543425
Mohoua_ochrocephala	874463	0.01623765704	0.1446433224	0.112259983873269
Dryoscopus_gambensis	85069	0.05827320821	0.2368247656	0.246060449220181
Cinclus_mexicanus	161649	0.02874576661	0.2448165676	0.11741757059909
Picathartes_gymnocephalus	175131	0.03739454517	0.2050868224	0.182335192151283
Climacteris_rufus	47695	0.0359961014	0.271356161	0.132652604117583
Menura_novaehollandiae	47692	0.01946555098	0.1248945576	0.155855878382966
Atrichornis_clamosus	449594	0.02009264667	0.1537602881	0.13067513672277
Malurus_elegans	720584	0.02779879003	0.2155787208	0.1289496009942
Origma_solitaria	720586	0.02373222024	0.1601936513	0.148147071044382
Pardalotus_punctatus	254575	0.02838196613	0.1674053627	0.169540364013679
Dasyornis_broadbenti	243059	0.02047902787	0.1545764552	0.132484781356275
Grantiella_picta	266360	0.02570466291	0.1770639328	0.145171647909992
Machaerirhynchus_nigripectus	1160894	0.01722722889	0.1213728029	0.141936483943554
Struthidea_cinerea	181839	0.01262468565	0.1052639426	0.119933619605846
Orthonyx_spaldingii	38397	0.02650782898	0.2073698565	0.127828747279863
Irena_cyanogastra	175120	0.03104666204	0.2215334655	0.140144343293361
Myiagra_hebetior	381031	0.02193877451	0.1592976535	0.137721893750306
Rhadina_sibilatrix	2585818	0.03258183289	0.2274096323	0.143273759165214
Daphoenositta_chrysoptera	254528	0.02282859007	0.1588099457	0.143747861441401
Dicrurus_megarhynchus	450177	0.01225582411	0.1031228455	0.118846837968605
Gymnorhina_tibicen	9132	0.0108327497	0.08649962857	0.125234638334124
Rhagologus_leucostigma	156170	0.01061452703	0.08029612565	0.132192268855751
Oriolus_oriolus	181099	0.02765946921	0.1435606247	0.192667517766799
Catharus_fuscescens	159581	0.03333891884	0.2675182082	0.12462298945676
Platysteira_castanea	1160851	0.01394687098	0.1143988815	0.121914399836156
Edolisoma_coerulescens	2585810	0.02391251449	0.1314047042	0.181976091613926
Leptocoma_aspasia	2585812	0.02873711493	0.2244798118	0.128016478183808
Chaetorhynchus_papuensis	254446	0.01080402571	0.08183258996	0.132025953416372
Rhipidura_dahli	667186	0.01871657538	0.1327714334	0.140968391322647
Ifrita_kowaldi	461245	0.02367518042	0.132005031	0.179350591721008
Pachycephala_philippinensis	449367	0.0240231498	0.1361474684	0.176449478512668
Oreocharis_arfaki	979223	0.01482330147	0.1220775039	0.121425332239284
Falcunculus_frontatus	254539	0.01668113287	0.1116528216	0.14940180311574
Erpornis_zantholeuca	1112836	0.04563501107	0.2084915192	0.218881857857363
Aphelocoma_coerulescens	39617	0.01397414672	0.111869624	0.124914576632527
Aleadryas_rufinucha	461220	0.02063905796	0.1231247185	0.167627249925449
Vireo_altiloquus	34956	0.01782235038	0.1598823611	0.111471648638294
Cisticola_juncidis	52622	0.03859774838	0.2574935846	0.149897903048572
Aegithalos_caudatus	73327	0.03587476474	0.2019025431	0.177683570445329
Prunella_himalayana	670356	0.02479480549	0.1891516048	0.131084298841751
Cettia_cetti	68486	0.0216970434	0.1487534003	0.14585914242123
Leiothrix_lutea	36275	0.03904278501	0.2246191981	0.173817667146235
Donacobius_atricapilla	237420	0.03012423492	0.1786170931	0.168652587482961
Hippolais_icterina	68497	0.01767795357	0.1382006578	0.127915118867111
Pycnonotus_jocosus	182897	0.01798003802	0.09524658674	0.18877356801332
Brachypodius_atriceps	182895	0.01432010061	0.09030233175	0.158579522062009
Certhia_brachydactyla	73330	0.03479453495	0.2075717245	0.167626563944647
Toxostoma_redivivum	99882	0.0169797518	0.131883767	0.128747852645125
Oenanthe_oenanthe	279966	0.02657390843	0.1771920252	0.149972372627975
Chloropsis_hardwickii	667144	0.03020404384	0.1893039802	0.159553136749103
Certhia_familiaris	73333	0.02609126873	0.1646715638	0.158444288302799
Polioptila_caerulea	66707	0.02290432592	0.1573138151	0.14559640490214
Copsychus_sechellarum	797021	0.01546090219	0.1016440172	0.152108334714657
Cercotrichas_coryphoeus	614051	0.01403548091	0.08801078079	0.159474564184241
Notiomystis_cincta	366454	0.03654050582	0.3106823225	0.117613726864038
Pomatostomus_ruficeps	9176	0.03906424218	0.3108560653	0.125666655859843
Rhabdornis_inornatus	237438	0.02139147778	0.1560387945	0.137090765463457
Peucedramus_taeniatus	135441	0.02490221704	0.1689967808	0.14735320354694
Buphagus_erythrorhynchus	245048	0.0582253169	0.2309708481	0.2520894622805
Chaetops_frenatus	221966	0.04067265896	0.23502562	0.173056277694321
Prunella_fulvescens	670355	0.03350097351	0.217755406	0.153846805116746
Anthoscopus_minutus	156561	0.03398824947	0.222206666	0.152957830121982
Hypocryptadius_cinnamomeus	589841	0.04223268036	0.207234774	0.203791475459616
Nicator_chloris	237433	0.02972490346	0.183801085	0.161723220839529
Panurus_biarmicus	181101	0.03056839743	0.203287999	0.150369906636742
Chloropsis_cyanopogon	1218682	0.04966200568	0.2315800915	0.214448510484331
Sitta_europaea	50251	0.02458222391	0.1954149841	0.1257949794547
Elachura_formosa	1463973	0.04784928195	0.2788921914	0.17156909883279
Regulus_satrapa	13245	0.03196310217	0.2344205201	0.13634942093109
Bombycilla_garrulus	125297	0.02995739576	0.1600420922	0.18718447970902
Phainopepla_nitens	161653	0.02524495855	0.1276004872	0.197843747339548
Ploceus_nigricollis	441696	0.01535489023	0.09969272439	0.15402217487739
Emberiza_fucata	337179	0.02330828818	0.1182171452	0.197165040151892
Passerina_amoena	142471	0.03813408835	0.1533415173	0.248687302835238
Quiscalus_mexicanus	64278	0.02113017546	0.1116316761	0.189284763950615
Nesospiza_acunhae	381881	0.01325791863	0.09470216075	0.139995946502203
Calcarius_ornatus	198940	0.00813164084	0.08378998477	0.0970478854044551
Dicaeum_eximium	667154	0.03920114448	0.2584629607	0.151670260117081
Pheucticus_melanocephalus	371919	0.03416149644	0.138593716	0.246486618772816
Melospiza_melodia	44397	0.02874487354	0.1487234316	0.193277368809718
Rhodinocichla_rosea	58203	0.01659305778	0.0937893857	0.176918290445739
Alaudala_cheleensis	670337	0.02894641619	0.2512011679	0.115232012780781
Hylia_prasina	208073	0.01942661766	0.1348662961	0.144043532163111
Pomatorhinus_ruficollis	932028	0.02729244708	0.1641247303	0.166290887607935
Erythrocercus_mccallii	107208	0.02937543921	0.1743582019	0.168477530106945
Sylvietta_virens	208069	0.01887749718	0.1356615488	0.139151420184877
Locustella_ochotensis	187437	0.02850401923	0.1788073047	0.159411939449697
Sinosuthora_webbiana	337173	0.01467342474	0.1408169245	0.104202138997859
Illadopsis_cleaveri	201329	0.01693188557	0.1112519338	0.152194078715421
Zosterops_hypoxanthus	2485327	0.01018497908	0.0611886658	0.166452053608922
Sterrhoptilus_dennistouni	2585820	0.01634136475	0.07335156143	0.222781416392815
Drymodes_brunneopygia	626378	0.02587008414	0.2040594512	0.12677719158739
Callaeas_wilsoni	1347786	0.01507999938	0.1374866024	0.109683409996027
Serilophus_lunatus	239386	0.03422595923	0.2577166162	0.132804627558198
Sapayoa_aenigma	239371	0.03188088789	0.2178516401	0.146342198182973
Pitta_sordida	9163	0.03617451594	0.2909813425	0.124319022069259
Calyptomena_viridis	135972	0.04317217753	0.1888047107	0.228660489295726
Smithornis_capensis	363769	0.03233354966	0.1824082138	0.177259285568422
Grallaria_varia	117165	0.02890560432	0.1998681568	0.144623359632644
Sakesphorus_luctuosus	419690	0.03502894633	0.2584016298	0.135560082794803
Formicarius_rufipectus	1118560	0.03536429442	0.2480680074	0.142558868395216
Scytalopus_superciliaris	312124	0.02263686196	0.1892313095	0.119625351744448
Furnarius_figulus	463165	0.02135912751	0.1254838814	0.170214112535413
Xiphorhynchus_elegans	269412	0.0303207224	0.133031986	0.227920542357385
Campylorhamphus_procurvoides	190295	0.01528473878	0.1042085553	0.146674509938245
Sclerurus_mexicanus	265632	0.02106947604	0.1467142681	0.143608909432306
Oxyruncus_cristatus	114331	0.01580311308	0.1239415835	0.127504527808457
Pachyramphus_minor	369605	0.02442263551	0.1524031813	0.160250168675449
Piprites_chloris	114369	0.01943248272	0.144153799	0.134803819634334
Onychorhynchus_coronatus	360224	0.02248255298	0.153287943	0.146668762982879
Tachuris_rubrigastra	495162	0.02652692341	0.1702871898	0.15577756284049
Cephalopterus_ornatus	114276	0.01976806812	0.1493644974	0.132347836762446
Mionectes_macconnelli	254557	0.02330415222	0.1620360367	0.143820798722362
Tyrannus_savana	137541	0.03033952163	0.1864058643	0.162760553397461
Neopipo_cinnamomea	456388	0.02072257434	0.1322700653	0.156668663412235
Scleropages_formosus	113540	0.1391820128	1.319581657	0.105474346404923
Brienomyrus_brachyistius	42636	0.02666347611	0.2001859281	0.13319355842375
Paramormyrops_kingsleyae	1676925	0.02539085146	0.1728733104	0.146875485876043
Albula_goreensis	1534307	0.08975131336	0.898851455	0.0998511076115463
Anguilla_anguilla	7936	0.09851075372	0.7925896075	0.124289736816919
Megalops_atlanticus	7932	0.0194616519	0.1555548261	0.125111206048271
Megalops_cyprinoides	118141	0.01924466314	0.17077567	0.112689724127565
Denticeps_clupeoides	299321	0.1631753812	1.575737432	0.103554931098445
Clupea_harengus	7950	0.07387505611	0.5095523604	0.144980303990757
Alosa_alosa	278164	0.008287125322	0.02859610238	0.289799120589105
Alosa_sapidissima	34773	0.001662611912	0.01234629057	0.134664894088913
Chanos_chanos	29144	0.1289852892	1.473405972	0.0875422603485959
Misgurnus_anguillicaudatus	75329	0.07015272074	0.5854836231	0.119820124717678
Triplophysa_tibetana	1572043	0.03960896369	0.2089219647	0.189587359791854
Triplophysa_rosa	992332	0.01887864795	0.09076264966	0.208000185326454
Labeo_rohita	84645	0.03371871098	0.3025334295	0.111454496237746
Onychostoma_macrolepis	369639	0.02808703912	0.1531279747	0.183421998331961
Puntigrus_tetrazona	1606681	0.04596856605	0.4022223914	0.114286442109796
Danionella_translucida	623744	0.1696588942	1.451945246	0.116849374773186
Danio_aesculapii	1142201	0.06468577336	0.5875142826	0.110100767378349
Pimephales_promelas	90988	0.05431866963	0.3459746666	0.157001870003392
Ctenopharyngodon_idella	7959	0.01510051238	0.1012349526	0.149163031069568
Megalobrama_amblycephala	75352	0.01317307542	0.1093100014	0.120511163217312
Electrophorus_electricus	8005	0.1343785948	1.097972557	0.122387935785175
Astyanax_mexicanus	7994	0.09434066869	0.8706614914	0.108355164000997
Prochilodus_magdalenae	148989	0.06681546624	0.5673518801	0.117767242135909
Pygocentrus_nattereri	42514	0.03243803118	0.2367776318	0.136997869830034
Colossoma_macropomum	42526	0.01757247711	0.1355318205	0.12965572988817
Hemibagrus_wyckioides	337641	0.0381749163	0.2944605327	0.129643575490278
Tachysurus_fulvidraco	1234273	0.05865463623	0.4055154371	0.144642178481447
Clarias_gariepinus	13013	0.07691158565	0.6331776139	0.121469211737083
Silurus_asotus	30991	0.01663446321	0.09930986639	0.167500610107306
Silurus_meridionalis	175797	0.009110997203	0.06558431088	0.138920377156519
Pangasianodon_hypophthalmus	310915	0.01019786739	0.07141478405	0.142797706744588
Pangasianodon_gigas	30993	0.01022709043	0.05758002106	0.177615260323422
Pangasius_djambal	1691987	0.02180906124	0.1323811724	0.164744433401014
Ameiurus_melas	219545	0.0243295006	0.1494064874	0.162840991869808
Ictalurus_furcatus	66913	0.005842559864	0.03663872725	0.159464050815248
Ictalurus_punctatus	7998	0.008125084414	0.05514676675	0.147335644369395
Hypomesus_transpacificus	137520	0.1448443333	1.255134638	0.115401430981781
Dallia_pectoralis	75939	0.07422134126	0.6014772674	0.123398414674649
Esox_lucius	8010	0.04161636125	0.3710427445	0.11216055795965
Coryphaenoides_rupestris	163118	0.09433543504	0.6207356747	0.151973599850842
Gadus_morhua	8049	0.08727345044	0.6509746532	0.134065819630594
Muraenolepis_orangiensis	630683	0.09995770709	0.639958491	0.156194047732386
Lampris_incognitus	2546036	0.1229100836	1.092231246	0.112531191586145
Myripristis_murdjan	586833	0.07760101873	0.6601316146	0.117553858978594
Lucifuga_dentata	670423	0.1077806264	0.7971944077	0.135199927845655
Thalassophryne_amazonica	390379	0.1662679855	1.229534227	0.135228431912534
Sphaeramia_orbicularis	375764	0.07253418943	0.7059052578	0.102753434159221
Boleophthalmus_pectinirostris	150288	0.04243527686	0.4129866212	0.102752182956187
Periophthalmus_magnuspinnatus	409849	0.04259508991	0.4100597179	0.103875333398116
Scomber_japonicus	13676	0.05581757459	0.4271152473	0.130685043305875
Thunnus_albacares	8236	0.001730781975	0.03015557104	0.0573950986603502
Thunnus_maccoyii	8240	0.002019380733	0.02922468887	0.0690984510385311
Synchiropus_splendidus	270530	0.1786353188	1.777606913	0.100492025258005
Dunckerocampus_dactyliophorus	161453	0.08110737385	0.6749401848	0.120169721223569
Hippocampus_comes	109280	0.01131349854	0.07901781	0.143176564118899
Hippocampus_zosterae	109293	0.02095665471	0.1357439455	0.154383715846833
Syngnathus_acus	161584	0.01141861643	0.06331766844	0.180338548644133
Syngnathus_scovelli	161590	0.01409152959	0.09029162708	0.156066847455464
Monopterus_albus	43700	0.08312331382	0.5013013787	0.165815051288228
Mastacembelus_armatus	205130	0.06974734415	0.542861056	0.128481023604685
Anabas_testudineus	64144	0.05026391003	0.428992151	0.117167435144985
Betta_splendens	158456	0.09912081696	0.814863895	0.121640948345122
Gouania_willdenowi	441366	0.1574195059	1.343568369	0.117165236643049
Salarias_fasciatus	181472	0.09837965235	0.9922414442	0.0991489046593081
Stegastes_partitus	144197	0.03932079813	0.3447140823	0.114067861305938
Amphiprion_ocellaris	80972	0.01537147805	0.1313589267	0.117018907174125
Acanthochromis_polyacanthus	80966	0.02011023569	0.1704054752	0.118014023119839
Mugil_cephalus	48193	0.08341153358	0.7371754108	0.113150184281757
Parambassis_ranga	210632	0.08215480626	0.7464075322	0.110066957681754
Archocentrus_centrarchus	63155	0.04151616628	0.3076148402	0.134961519584061
Oreochromis_aureus	47969	0.002402816877	0.01437474925	0.167155394171484
Oreochromis_niloticus	8128	0.003249446116	0.01645534946	0.197470501851013
Neolamprologus_brichardi	32507	0.01044445795	0.05443772528	0.191860660897916
Simochromis_diagramma	43689	0.00539179742	0.02397181052	0.224922411075357
Haplochromis_burtoni	8153	0.00260802262	0.01841276233	0.141642116118055
Pundamilia_nyererei	303518	0.003553356329	0.01733223879	0.205014272654156
Astatotilapia_calliptera	8154	0.001495440791	0.005510335922	0.271388316822838
Maylandia_zebra	106582	0.001027490934	0.004786414708	0.214668179980864
Melanotaenia_boesemani	1250792	0.0716342017	0.6439805259	0.11123659616863
Menidia_menidia	238744	0.1257347541	1.052681583	0.119442342423882
Oryzias_latipes	8090	0.04462902505	0.3491620035	0.127817530552118
Oryzias_javanicus	123683	0.03555924553	0.2299036466	0.154670211003082
Oryzias_melastigma	30732	0.01814755379	0.1567962514	0.115739717167754
Nothobranchius_furzeri	105023	0.1061226202	0.8681558391	0.122239136593282
Kryptolebias_marmoratus	37003	0.05285303154	0.4204917743	0.125693378016693
Nematolebias_whitei	451745	0.07454659133	0.4922903887	0.151428086026332
Girardinichthys_multiradiatus	208333	0.05492298557	0.3988460185	0.137704735718704
Fundulus_heteroclitus	8078	0.06063511581	0.5314348231	0.114096993976231
Cyprinodon_variegatus	28743	0.003491643051	0.03345322532	0.104373883761591
Cyprinodon_tularosa	77115	0.005047830683	0.03827159419	0.131894967790993
Poecilia_reticulata	8081	0.01504866441	0.0899360348	0.167326305228658
Poecilia_mexicana	48701	0.002712821949	0.01698597403	0.159709531181945
Poecilia_latipinna	48699	0.004935518226	0.03107841828	0.158808539789046
Poecilia_formosa	48698	0.000543356967	0.002255760675	0.240875272373476
Poeciliopsis_prolifica	188132	0.03260466663	0.2044740253	0.159456276082809
Gambusia_affinis	33528	0.02154571583	0.1221806287	0.176343140964702
Xiphophorus_hellerii	8084	0.00434167355	0.02862270853	0.151686327848722
Xiphophorus_maculatus	8083	0.003425827619	0.02536740252	0.135048419573073
Xiphophorus_couchianus	32473	0.004983344262	0.03041998655	0.163818095508001
Solea_senegalensis	28829	0.07534264608	0.5740477428	0.131248048659691
Cynoglossus_semilaevis	244447	0.1420465124	1.236981231	0.114833199437607
Scophthalmus_maximus	52904	0.07196947824	0.5416822632	0.132862903457165
Paralichthys_olivaceus	8255	0.0287810396	0.1882241908	0.152908292380875
Pleuronectes_platessa	8262	0.03330146485	0.1896347224	0.175608477332314
Hippoglossus_stenolepis	195615	0.001663737283	0.01624772916	0.102398142326001
Hippoglossus_hippoglossus	8267	0.002034585904	0.01662177615	0.122404843239331
Xiphias_gladius	8245	0.04400218842	0.3107384077	0.141605245214752
Toxotes_jaculatrix	941984	0.04301078725	0.3395953755	0.126653041687253
Lates_calcarifer	8187	0.0431631619	0.382701866	0.112785344767564
Echeneis_naucrates	173247	0.08005059478	0.7257984478	0.110293146840758
Caranx_melampygus	181461	0.07332116406	0.5840677795	0.125535368725129
Seriola_dumerili	41447	0.003853476063	0.03620031182	0.106448698070911
Seriola_aureovittata	2871759	0.003107842324	0.01060662794	0.293009459894376
Seriola_lalandi	302047	0.001035029628	0.006059362134	0.170814948027663
Scortum_barcoo	214431	0.07478783328	0.6022768849	0.124175167858912
Dicentrarchus_labrax	13489	0.04920342005	0.3578861956	0.137483425331648
Larimichthys_crocea	215358	0.05779261839	0.5246659745	0.110151260418737
Chelmon_rostratus	109905	0.04825948403	0.3740880295	0.129005689100779
Sparus_aurata	8175	0.01459710884	0.1208129723	0.120824018829309
Acanthopagrus_latus	8177	0.0148537669	0.1447714038	0.102601525647429
Scatophagus_argus	75038	0.05433119117	0.4333617093	0.125371462231308
Tetraodon_nigroviridis	99883	0.07322608843	0.6358199858	0.11516795644268
Takifugu_bimaculatus	433685	0.01605483069	0.04538109401	0.353777956222523
Takifugu_rubripes	31033	0.00495060609	0.02219828664	0.223017486452279
Takifugu_flavidus	433684	0.0123450675	0.03507672282	0.351944723095999
Siniperca_chuatsi	119488	0.02681242718	0.1748580797	0.153338222780448
Micropterus_dolomieu	147949	0.002571770455	0.01690021366	0.152173842694483
Micropterus_salmoides	27706	0.002582102983	0.01988653333	0.129841784897961
Cheilinus_undulatus	241271	0.06344783505	0.675147673	0.0939762330336877
Labrus_bergylta	56723	0.06536817427	0.5202027523	0.125659031946648
Notolabrus_celidotus	1203425	0.06935338056	0.6249284881	0.110978106904453
Plectropomus_leopardus	160734	0.04604310596	0.4203185357	0.10954336306706
Epinephelus_fuscoguttatus	293821	0.004970546628	0.04625560272	0.107458260961128
Epinephelus_moara	300413	0.004589205726	0.0359758724	0.127563431262337
Epinephelus_lanceolatus	310571	0.006622713367	0.04952227139	0.133732019576495
Sebastes_umbrosus	72105	0.05958609515	0.3561907446	0.167287039467897
Etheostoma_cragini	417921	0.01732614383	0.1230370578	0.140820531145698
Etheostoma_spectabile	54343	0.01332933833	0.09599568292	0.138853518455703
Sander_lucioperca	283035	0.009676887967	0.07587797908	0.127532231147029
Perca_flavescens	8167	0.00930483965	0.06737928929	0.138096435092273
Perca_fluviatilis	8168	0.006575327467	0.05241831859	0.125439496036304
Anarrhichthys_ocellatus	433405	0.04704577373	0.2602240481	0.18078949302918
Anoplopoma_fimbria	229290	0.0488027995	0.2942489855	0.165855455430279
Pungitius_pungitius	134920	0.02921421332	0.2197160019	0.132963521397483
Gasterosteus_aculeatus	69293	0.02960281008	0.2237089993	0.132327309909879
Cyclopterus_lumpus	8103	0.02174821102	0.1342021848	0.162055566028311
Liparis_tanakae	230148	0.05842061031	0.2500273668	0.233656863477394
Pseudoliparis_swirei	2059687	0.02150721985	0.08393343736	0.256241380389952
Cottoperca_gobio	56716	0.05900285247	0.2978768879	0.198077980758977
Dissostichus_eleginoides	100907	0.01776339037	0.05955185766	0.298284404013334
Trematomus_bernacchii	40690	0.0101920492	0.03815210184	0.267142534970755
Pogonophryne_albipinna	1090488	0.01087087701	0.03690541636	0.294560476000548
Gymnodraco_acuticeps	8218	0.00833793501	0.03246309481	0.256843503640065
Chaenocephalus_aceratus	36190	0.007690454928	0.03182781911	0.241626826563927
Notothenia_coriiceps	8208	0.05830700896	0.1775039829	0.328482820539572
Pseudochaenichthys_georgianus	52239	0.006190951144	0.02963016596	0.208940819040893
Cloeon_dipterum	197152	0.5932377581	7.44548521	0.0796775148116908
Pediculus_humanus	121225	0.5955025339	8.081072235	0.0736910296780685
Nilaparvata_lugens	108931	0.4748513686	6.16854549	0.0769794709903323
Nezara_viridula	85310	0.06711380837	0.8416775479	0.0797381473908269
Halyomorpha_halys	286706	0.05846324064	0.7485735885	0.0780995235981399
Apolygus_lucorum	248454	0.4031992775	5.390880887	0.0747928373769687
Cimex_lectularius	79782	0.3483427177	4.780365278	0.0728694770048491
Bemisia_tabaci	7038	0.5084300423	6.76150978	0.0751947507055148
Diaphorina_citri	121845	0.6097963653	7.867380915	0.0775094496997544
Adelges_cooleyi	133065	0.1331737725	1.868996938	0.0712541416159345
Daktulosphaira_vitifoliae	58002	0.1665879439	2.251249763	0.0739979839811315
Cinara_cedri	506608	0.1338453866	1.334979676	0.100260242913241
Sipha_flava	143950	0.1168090623	1.292735853	0.0903580279211147
Myzus_persicae	13164	0.03190635583	0.3742559319	0.0852527725292682
Acyrthosiphon_pisum	7029	0.03216406379	0.3304173753	0.0973437421709342
Rhopalosiphum_maidis	43146	0.02806048305	0.3473621802	0.0807816298073776
Melanaphis_sacchari	742174	0.03930845099	0.4261205366	0.0922472577915176
Aphis_craccivora	307492	0.01814786405	0.153391591	0.118310683993101
Aphis_glycines	307491	0.01973118393	0.1005913151	0.196151963123107
Aphis_gossypii	80765	0.005053433394	0.04772823008	0.105879337774094
Megalurothrips_usitatus	439358	0.1576451616	2.189301365	0.0720070631299314
Frankliniella_occidentalis	133901	0.1633266491	2.44102363	0.0669090815396982
Thrips_palmi	161013	0.1807160626	2.560382191	0.070581674577817
Ischnura_elegans	197161	0.504321226	6.643299646	0.0759142674384193
Timema_podura	61482	0.4390995264	5.661355624	0.0775608450630693
Blattella_germanica	6973	0.2142962384	2.914516523	0.0735271996946576
Zootermopsis_nevadensis	136037	0.1095648272	0.8414465875	0.130210079674249
Coptotermes_formosanus	36987	0.1312294082	1.035260829	0.126759754183648
Cryptotermes_secundus	105785	0.1068526017	0.84153348	0.126973678694281
Gryllus_bimaculatus	6999	0.3683483106	5.095349136	0.0722910836467556
Schistocerca_nitens	7011	0.006223864163	0.05036095589	0.123585107808405
Schistocerca_gregaria	7010	0.01238252183	0.1243173588	0.0996041256790279
Schistocerca_cancellata	274614	0.00784247394	0.0791638544	0.0990663478861636
Schistocerca_piceifrons	274613	0.004410156048	0.03458748668	0.127507271308908
Schistocerca_americana	7009	0.002827159042	0.02297700933	0.123042951386572
Schistocerca_serialis	2023354	0.002739206559	0.02211100454	0.123884310821095
Chrysoperla_carnea	189513	0.4553679434	6.360671235	0.0715911774993665
Agrilus_planipennis	224129	0.3664459191	5.059276043	0.0724305050733521
Photinus_pyralis	7054	0.2951290013	4.276722622	0.0690082166614733
Ignelater_luminosus	2038154	0.1874029114	2.847335617	0.0658169378703066
Nicrophorus_vespilloides	110193	0.3687375174	5.006079068	0.073657949143683
Onthophagus_taurus	166361	0.3707115083	5.161539968	0.0718218807949372
Harmonia_axyridis	115357	0.1254668878	1.794474836	0.0699184437044956
Coccinella_septempunctata	41139	0.114960384	1.659915773	0.0692567574029553
Asbolus_verrucosus	1661398	0.1363577006	2.058083074	0.066254711640469
Tenebrio_molitor	7067	0.1306242798	1.905294127	0.0685585904816049
Zophobas_morio	2755281	0.1837307719	2.595363668	0.0707919179748647
Tribolium_madens	41895	0.04867170206	0.8804032818	0.0552834173453895
Tribolium_castaneum	7070	0.05388741501	0.9547025591	0.0564441924831539
Brassicogethes_aeneus	1431903	0.2056458259	2.949527789	0.0697216099020792
Aethina_tumida	116153	0.208984782	3.037764688	0.0687955794685306
Sitophilus_oryzae	7048	0.245337999	3.492689992	0.0702432794098378
Anthonomus_grandis	7044	0.2445016866	3.485208	0.0701541160814505
Ceutorhynchus_assimilis	467358	0.2039093552	2.880813874	0.0707818568357811
Dendroctonus_ponderosae	77166	0.2704595454	3.857177613	0.0701185095776921
Anoplophora_glabripennis	217634	0.2111698823	3.165211229	0.0667158894058125
Acanthoscelides_obtectus	200917	0.09982110439	1.36924048	0.0729025367333575
Callosobruchus_maculatus	64391	0.1036280824	1.429420647	0.0724965618885453
Phaedon_cochleariae	80249	0.2116057481	2.890991708	0.0731948651095889
Gonioctena_quinquepunctata	63699	0.1388112708	1.934281416	0.0717637411246265
Leptinotarsa_decemlineata	7539	0.1604017524	2.251179806	0.0712523060008295
Psylliodes_chrysocephala	2598218	0.1271523369	1.947978207	0.0652740038071689
Phyllotreta_striolata	444603	0.2086299368	3.156586087	0.0660935361969743
Diabrotica_balteata	107213	0.02982003428	0.3840970136	0.0776367251609373
Diabrotica_virgifera	50389	0.03040546604	0.3718850633	0.0817603852388981
Trichuris_suis	68888	0.577246495	6.581003231	0.0877140573766723
Trichinella_nelsoni	6336	0.01273018072	0.05945160256	0.21412678837635
Trichinella_patagoniensis	990121	0.009158187531	0.03630103699	0.252284460455574
Trichinella_nativa	6335	0.006683843711	0.02946907373	0.226808747782111
Trichinella_britovi	45882	0.004950816814	0.02158968718	0.229313967021545
Strongyloides_ratti	34506	0.8217330933	9.595871564	0.0856340237381693
Ditylenchus_destructor	166010	0.5718931459	6.563156925	0.0871368995797704
Aphelenchoides_bicaudatus	293665	0.5104310196	5.994074975	0.0851559284341451
Bursaphelenchus_okinawaensis	465554	0.2158653317	2.764959999	0.0780717738332821
Bursaphelenchus_xylophilus	6326	0.2092894994	2.689928668	0.0778048510690098
Steinernema_carpocapsae	34508	0.660743395	7.436607197	0.0888501137005798
Enterobius_vermicularis	51028	0.4671873706	5.554872495	0.0841040673787779
Toxocara_canis	6265	0.3474121037	4.131146989	0.0840957982432128
Thelazia_callipaeda	103827	0.2519451998	2.477003828	0.101713690125149
Dirofilaria_immitis	6287	0.1161537052	0.8876506011	0.130855209308774
Cercopithifilaria_johnstoni	2874296	0.07742278035	0.4972709646	0.155695356981637
Acanthocheilonema_viteae	6277	0.07907364955	0.5612000481	0.14090100280232
Brugia_malayi	6279	0.1009753334	0.7775940018	0.129856111500679
Loa_loa	7209	0.08055711008	0.5673825142	0.141980248005324
Pristionchus_pacificus	54126	0.6474722763	7.348635301	0.0881078254369069
Dictyocaulus_viviparus	29172	0.1934924521	2.197662233	0.0880446727411182
Parelaphostrongylus_tenuis	148309	0.1199459674	1.203091406	0.0996981333270367
Angiostrongylus_costaricensis	334426	0.09568090216	0.9561045916	0.10007367708577
Necator_americanus	51031	0.1288541377	1.771805101	0.0727247808617749
Ancylostoma_ceylanicum	53326	0.05709240996	0.7371226605	0.0774530658456131
Ancylostoma_caninum	29170	0.03922952779	0.5741558962	0.0683255681072635
Caenorhabditis_auriculariae	2777116	0.377509633	4.357490234	0.0866346480950025
Caenorhabditis_bovis	2654633	0.3070464236	3.589146	0.0855486022580302
Caenorhabditis_angaria	860376	0.3036678261	3.587723682	0.0846408065435849
Caenorhabditis_elegans	6239	0.1319124117	1.756660659	0.0750927112895513
Caenorhabditis_remanei	31234	0.1202645765	1.624793154	0.0740183919435692
Caenorhabditis_nigoni	1611254	0.01783789655	0.266065947	0.0670431400603099
Caenorhabditis_briggsae	6238	0.0235401039	0.3245618335	0.0725288726839781
Athalia_rosae	37344	0.1656827003	1.972883492	0.0839799719404819
Diprion_similis	362088	0.03945710924	0.3421608834	0.115317416906108
Neodiprion_lecontei	441921	0.001822736662	0.0147659465	0.123441911563204
Neodiprion_pinetum	441929	0.001830437634	0.01123924132	0.16286131615866
Neodiprion_virginianus	2961670	0.002555099079	0.02031966762	0.125745121760018
Neodiprion_fabricii	2872261	0.004626867443	0.02836390573	0.163125187590306
Cephus_cinctus	211228	0.2289190088	2.690332833	0.0850894751727546
Orussus_abietinus	222816	0.3096622904	3.276217773	0.0945182255440991
Leptopilina_heterotoma	63436	0.07938260453	0.8803364545	0.0901730288734737
Leptopilina_boulardi	63433	0.06992629524	0.8112559015	0.0861951144031215
Belonocnema_kinseyi	2817044	0.00000000000000000002687954082	0.00000000000000000295508931	0.00909601639755517
Belonocnema_treatae	1159321	0.00000000000000000002687954082	0.00000000000000000295508931	0.00909601639755517
Nasonia_vitripennis	7425	0.1602349352	1.745058312	0.0918221093806062
Ceratosolen_solmsi	142686	0.238652447	2.368270216	0.1007707842575
Copidosoma_floridanum	29053	0.273120499	2.686371834	0.101668911035791
Trichogramma_pretiosum	7493	0.367420612	3.774046664	0.0973545492971149
Venturia_canescens	32260	0.2883728672	3.275543314	0.0880381785725334
Aphidius_gifuensis	684658	0.3277140437	3.798877263	0.086266025726033
Fopius_arisanus	64838	0.1126556888	1.258840898	0.0894916021389067
Diachasma_alloeum	454923	0.09244621114	1.092770778	0.0845979898082524
Chelonus_insularis	460826	0.2417054003	2.724370912	0.0887197111213321
Microplitis_demolitor	69319	0.1014257994	1.199307774	0.0845702842913449
Cotesia_glomerata	32391	0.01484508387	0.1532771935	0.0968512244452075
Cotesia_congregata	51543	0.02168395363	0.1913993858	0.113291657334044
Mischocyttarus_mexicanus	91405	0.06922164592	0.4465311025	0.155020883276546
Polistes_dominula	743375	0.04574055389	0.3061090521	0.149425682044376
Polistes_fuscatus	30207	0.01523800494	0.1022862859	0.148974076103393
Polistes_exclamans	27506	0.01086105002	0.04356630885	0.249299293575568
Polistes_canadensis	91411	0.00474245052	0.02382376336	0.199063869479268
Vespula_vulgaris	7454	0.02331497205	0.1048476543	0.222369992019936
Vespula_pensylvanica	30213	0.006543117863	0.04913177374	0.133174875745896
Vespa_velutina	202808	0.00610203409	0.0519869647	0.117376233161772
Vespa_crabro	7445	0.007157008554	0.05603336048	0.127727633907564
Vespa_mandarinia	7446	0.007151021242	0.05494475508	0.130149296899914
Ampulex_compressa	860918	0.2261145205	2.543533395	0.0888977990005907
Colletes_gigas	935657	0.1362136482	1.215587444	0.112055820313327
Dufourea_novaeangliae	178035	0.1062747559	0.9318290872	0.114049622790097
Nomia_melanderi	2448451	0.0988476393	0.8781320471	0.112565803316757
Megalopta_genalis	115081	0.1308629934	1.214591477	0.107742393947327
Megachile_rotundata	143995	0.08426547317	0.7955935067	0.105915234928852
Osmia_lignaria	473952	0.009929200285	0.06411936686	0.154854933403814
Osmia_bicornis	1437190	0.008453805505	0.0610649774	0.138439509272626
Habropoda_laboriosa	597456	0.1187868237	0.8758845737	0.135619266815271
Ceratina_calcarata	156304	0.1806889459	2.17630552	0.0830255422501524
Eufriesea_mexicana	516756	0.1067598141	0.7627566836	0.13996575368717
Apis_florea	7463	0.01625832104	0.1327407137	0.12248179617856
Apis_cerana	7461	0.01368561737	0.1028396811	0.133077205448472
Apis_mellifera	7460	0.0158787889	0.1146409885	0.138508827494976
Apis_laboriosa	183418	0.005337267615	0.03692234999	0.144553843849201
Apis_dorsata	7462	0.007893941438	0.047386899	0.166584891701818
Frieseomelitta_varia	561572	0.02184985482	0.1398986809	0.156183422741622
Melipona_quadrifasciata	166423	0.04293308638	0.2354004831	0.182383170223834
Bombus_affinis	309941	0.003381410649	0.01787366789	0.189183925191529
Bombus_terrestris	30195	0.003104391667	0.01848613278	0.167930832475607
Bombus_pyrosoma	396416	0.01470807303	0.09598830646	0.153227758384602
Bombus_impatiens	132113	0.005425884681	0.02690953724	0.201634261957304
Bombus_huntii	85661	0.001823384179	0.01043301459	0.17477059609863
Bombus_vosnesenskii	207650	0.002241759855	0.0124773712	0.179666038548248
Bombus_bifarius	103933	0.0008092257746	0.005258516827	0.153888596580125
Bombus_vancouverensis	2705177	0.001113979757	0.0051068241	0.218135525169156
Pseudomyrmex_gracilis	219809	0.1722423786	1.486104384	0.11590193828538
Odontomachus_brunneus	486640	0.08253383685	0.7112367254	0.116042709694979
Harpegnathos_saltator	610380	0.09678690262	0.8535360474	0.113395213845774
Dinoponera_quadriceps	609295	0.09495052433	0.8115913888	0.11699301599342
Ooceraea_biroi	2015173	0.09375394878	0.8188831306	0.114490023394799
Eciton_burchellii	213866	0.1220660036	1.089541686	0.112034266488818
Linepithema_humile	83485	0.1275833278	1.174252777	0.108650650267953
Lasius_niger	67767	0.05624946584	0.306350442	0.183611505414443
Nylanderia_fulva	613905	0.07802131488	0.6228456215	0.125265896053184
Camponotus_floridanus	104421	0.06712042987	0.6135795234	0.109391574050693
Formica_exsecta	72781	0.02760118092	0.2020586689	0.136599835435222
Cataglyphis_hispanica	1086592	0.03891099056	0.349536485	0.111321685231228
Pogonomyrmex_barbatus	144034	0.1206254333	1.289762382	0.0935253151925158
Vollenhovia_emeryi	411798	0.09841313193	0.7931395922	0.124080468177138
Temnothorax_curvispinosus	300111	0.008065255838	0.04263197206	0.189183268994664
Temnothorax_longispinosus	300112	0.009743576684	0.05361907746	0.181718469350181
Monomorium_pharaonis	307658	0.07382265718	0.7061159116	0.104547505540165
Solenopsis_invicta	13686	0.06430818098	0.6141423239	0.104712179046092
Wasmannia_auropunctata	64793	0.08075365827	0.663854778	0.121643559625024
Cyphomyrmex_costatus	456900	0.05889385576	0.4912710781	0.119880567746371
Trachymyrmex_cornetzi	471704	0.02175016959	0.159103618	0.136704431133678
Trachymyrmex_zeteki	64791	0.03835370053	0.2895942648	0.132439434035366
Trachymyrmex_septentrionalis	34720	0.02511729243	0.1735977372	0.144686750156557
Atta_colombica	520822	0.003377342219	0.02473366964	0.136548367798123
Atta_cephalotes	12957	0.007284064886	0.03451400328	0.211046653351306
Acromyrmex_charruanus	2715315	0.00789627196	0.03327993529	0.237268248606622
Acromyrmex_heyeri	230685	0.004132275649	0.0253504111	0.163006257874848
Acromyrmex_echinatior	103372	0.004444357763	0.02727039943	0.162973695138135
Pseudoatta_argentina	621737	0.02563314268	0.1387406406	0.184755833396375
Acromyrmex_insinuator	230686	0.00543212462	0.0291858186	0.186122057923022
Eumeta_japonica	151549	0.2890737766	3.482876956	0.082998561319259
Choristoneura_fumiferana	7141	0.14659629	1.678398918	0.0873429364305632
Leguminivora_glycinivorella	1035111	0.1396002614	1.723940116	0.0809774423742222
Hyposmocoma_kahamanoa	1477025	0.1911593839	2.418611322	0.0790368349644234
Pectinophora_gossypiella	13191	0.1317655481	1.592868804	0.0827221600229167
Tuta_absoluta	702717	0.04657490987	0.6267062236	0.0743169735932394
Phthorimaea_operculella	192464	0.05969070285	0.7768114572	0.0768406571462705
Galleria_mellonella	7137	0.1536513148	1.996067582	0.0769770102904261
Plodia_interpunctella	58824	0.1021005213	1.28261927	0.0796031399871296
Amyelois_transitella	680683	0.1001006148	1.358720641	0.0736726975210499
Ostrinia_furnacalis	93504	0.1519754019	1.932644133	0.0786359988913696
Chilo_suppressalis	168631	0.1016552927	1.296237217	0.0784233714067168
Diatraea_saccharalis	40085	0.1054504271	1.400872761	0.0752748072742347
Dendrolimus_kikuchii	765133	0.1962883086	2.525019536	0.0777373425438717
Manduca_sexta	7130	0.1648601502	1.973076034	0.083554889603408
Bombyx_mandarina	7092	0.01636122454	0.08847571791	0.184923331807752
Bombyx_mori	7091	0.005743182524	0.04898393878	0.117246237584
Arctia_plantaginis	874455	0.1770012149	2.198996302	0.0804918201722378
Trichoplusia_ni	7111	0.1310276385	1.610974511	0.08133439579914
Mythimna_separata	271217	0.09641720635	1.129853249	0.0853360438051013
Helicoverpa_armigera	29058	0.006417775597	0.1920461642	0.0334178796214666
Helicoverpa_zea	7113	0.006839931387	0.1936345596	0.0353239184220501
Spodoptera_exigua	7107	0.03745719499	0.6524407659	0.0574108745923168
Spodoptera_frugiperda	7108	0.02448181862	0.4013500466	0.0609986689359961
Spodoptera_littoralis	7109	0.01261724855	0.1261528867	0.100015535752302
Spodoptera_litura	69820	0.008802781109	0.1199481687	0.0733882076267164
Parnassius_apollo	110799	0.1106766633	1.538828868	0.0719226585889601
Iphiclides_podalirius	110791	0.1594166924	1.88444716	0.0845960002401978
Papilio_polytes	76194	0.06283311778	0.7462438514	0.0841991765320694
Papilio_xuthus	66420	0.03411898114	0.4600458428	0.0741643070445761
Papilio_machaon	76193	0.02939799841	0.438361926	0.0670633024137229
Leptidea_sinapis	189913	0.2224475894	2.604977561	0.0853932842763554
Colias_croceus	72248	0.04349923887	0.7005501598	0.0620929683071068
Zerene_cesonia	33412	0.04316234694	0.6510061089	0.0663009860428669
Pieris_rapae	64459	0.0209305839	0.2369756049	0.0883237914249966
Pieris_brassicae	7116	0.02263321023	0.2474085549	0.0914811140590838
Pieris_napi	78633	0.008594398874	0.08692269022	0.0988740552351487
Pieris_macdunnoughi	345717	0.01023788486	0.0842142692	0.121569479344244
Aricia_agestis	91739	0.2543587487	2.900941594	0.087681444268333
Danaus_chrysippus	151541	0.0293984894	0.4817792328	0.0610206654802079
Danaus_plexippus	13037	0.0314979636	0.4693535132	0.067109252864116
Bicyclus_anynana	110368	0.09803866081	1.187537991	0.0825562310873472
Pararge_aegeria	116150	0.08104951878	1.04482708	0.0775721842699559
Maniola_jurtina	191418	0.02530574348	0.3361311326	0.0752853307108394
Maniola_hyperantus	2795564	0.02847513174	0.3356934946	0.0848247946357433
Brenthis_ino	405034	0.1435670979	1.841454711	0.0779639580829202
Euphydryas_editha	104508	0.0448181921	0.5216889793	0.0859097927660593
Melitaea_cinxia	113334	0.06383608921	0.7942290492	0.0803749110842772
Nymphalis_io	171585	0.03949802383	0.4779968672	0.0826323905873498
Vanessa_cardui	171605	0.02660169309	0.4279547473	0.0621600607490212
Vanessa_atalanta	42275	0.007327739406	0.1005936408	0.0728449566764264
Vanessa_tameamea	334116	0.009156768741	0.0944993578	0.0968976822083758
Clunio_marinus	568069	0.2628324447	3.089342865	0.0850771365256022
Polypedilum_vanderplanki	319348	0.204116349	2.434447421	0.0838450431252916
Chironomus_riparius	315576	0.2068583371	2.459988023	0.0840891643235452
Culex_pipiens	7175	0.0114874653	0.1080256372	0.106340176255864
Culex_quinquefasciatus	7176	0.01702292243	0.1530913001	0.111194577476843
Aedes_aegypti	7159	0.1432322367	1.792275724	0.0799164072703804
Sabethes_cyaneus	53552	0.1976550177	2.820069201	0.0700887118762587
Anopheles_cruzii	68878	0.1461114448	1.514905422	0.0964492189928937
Anopheles_darlingi	43151	0.03833047549	0.4981991154	0.0769380641296899
Anopheles_aquasalis	42839	0.03429919429	0.4044580327	0.0848028510177738
Anopheles_albimanus	7167	0.03730031454	0.4379051388	0.0851789833803156
Anopheles_sinensis	74873	0.1674341716	1.725678162	0.0970251436721838
Anopheles_nili	185578	0.1488965326	1.998341724	0.0745100454100312
Anopheles_merus	30066	0.008683443798	0.08741543188	0.0993353646061057
Anopheles_arabiensis	7173	0.005136804696	0.057086135	0.0899834030802751
Anopheles_coluzzii	1518534	0.003818654308	0.041325934	0.0924033394623337
Anopheles_gambiae	7165	0.009481377906	0.05255782115	0.180398991026286
Anopheles_maculipalpis	1496333	0.05694927998	0.7594429961	0.0749882219896083
Anopheles_stephensi	30069	0.04923091151	0.5582531789	0.0881874270864094
Anopheles_funestus	62324	0.05310050803	0.6536797309	0.0812332179198674
Anopheles_marshallii	1521116	0.02570751361	0.2705804994	0.0950087447802234
Anopheles_moucheti	186751	0.0305661193	0.3040446739	0.100531671572886
Phlebotomus_papatasi	29031	0.128524899	1.71437083	0.0749691354699496
Lutzomyia_longipalpis	7200	0.1368469168	1.845263629	0.074161173855771
Bradysia_coprophila	38358	0.3438379853	3.996736262	0.0860296909178442
Sitodiplosis_mosellana	263140	0.1103379771	1.331798668	0.0828488417590158
Contarinia_nasturtii	265458	0.1275128753	1.540767252	0.0827593363854802
Hermetia_illucens	343691	0.3170212387	3.862943382	0.0820672754814919
Episyrphus_balteatus	286459	0.07195731859	1.086538108	0.0662262262687247
Eupeodes_corollae	290404	0.08182638471	1.267386333	0.064563095387269
Glossina_fuscipes	7396	0.2760202148	3.249222022	0.0849496319214594
Stomoxys_calcitrans	35570	0.1244279507	1.844138364	0.0674721339401624
Musca_domestica	7370	0.1232936902	1.779505825	0.0692853535334733
Sarcophaga_bullata	7385	0.1382369656	1.837221998	0.0752423853788409
Lucilia_sericata	13632	0.01677773329	0.2685519907	0.0624748051439412
Lucilia_cuprina	7375	0.01919946265	0.2975618369	0.0645225975549151
Anastrepha_ludens	28586	0.007989893402	0.07374980821	0.108337819391327
Anastrepha_obliqua	95512	0.007407971099	0.06900603378	0.10735251242837
Ceratitis_capitata	7213	0.1296135883	1.700588741	0.0762168919357793
Zeugodacus_cucurbitae	28588	0.05488029419	0.651542975	0.0842312729870198
Bactrocera_oleae	104688	0.03728383786	0.3375749418	0.110446106162966
Bactrocera_neohumeralis	98809	0.002808690299	0.01559860355	0.180060368224436
Bactrocera_tryoni	59916	0.001968540328	0.01854617976	0.106142631715762
Bactrocera_dorsalis	27457	0.01547352908	0.1625669865	0.0951824808538233
Bactrocera_latifrons	174628	0.02482373694	0.2174631851	0.114151445581857
Scaptodrosophila_lebanonensis	7225	0.1570732346	1.830878604	0.0857911793042069
Drosophila_busckii	30019	0.181030588	2.108241336	0.0858680573750025
Zaprionus_bogoriensis	309927	0.138722312	1.381913467	0.100384224709202
Drosophila_innubila	198719	0.08005746254	1.119257996	0.0715272643359342
Drosophila_rubida	30044	0.06807257275	0.8251644235	0.0824957678874046
Drosophila_albomicans	7291	0.06093609657	0.884049642	0.068928365190153
Drosophila_grimshawi	7222	0.1210996678	1.247337805	0.0970865048061299
Drosophila_virilis	7244	0.01289205415	0.1604164502	0.0803661602904613
Drosophila_novamexicana	47314	0.01103821869	0.1318562028	0.0837140646825907
Drosophila_hydei	7224	0.04760727601	0.647625033	0.0735105556211568
Drosophila_navojoa	7232	0.02584348527	0.2677805862	0.0965099286574047
Drosophila_mojavensis	7230	0.008245329863	0.08816103898	0.0935257791695322
Drosophila_arizonae	7263	0.009919059567	0.09789347053	0.101325037444252
Drosophila_willistoni	7260	0.194815788	2.715587503	0.0717398308044872
Drosophila_obscura	7282	0.03194161267	0.2912338121	0.10967686904099
Drosophila_subobscura	7241	0.009565183121	0.1206496768	0.0792806360920148
Drosophila_guanche	7266	0.01568043597	0.1658502147	0.094545768290766
Drosophila_miranda	7229	0.008957342409	0.05370323509	0.166793348556909
Drosophila_persimilis	7234	0.003151005142	0.03304670165	0.0953500647469306
Drosophila_pseudoobscura	7237	0.005202653919	0.04194335753	0.124039996447085
Drosophila_setifemur	2848635	0.1039247998	1.04944337	0.0990284971736969
Drosophila_ironensis	2848634	0.152245745	1.217179773	0.125080738587002
Drosophila_bipectinata	42026	0.03703999244	0.5285084841	0.0700840072663651
Drosophila_ananassae	7217	0.008675328479	0.1074411643	0.0807449224468242
Drosophila_pandora	1867034	0.01291311567	0.1202301824	0.107403277714731
Drosophila_kikkawai	30033	0.03127792638	0.4144799638	0.0754630600071482
Drosophila_serrata	7274	0.02634239641	0.3890229249	0.0677142521016504
Drosophila_bunnanda	244254	0.02892098581	0.3360458333	0.0860626228452034
Drosophila_ficusphila	30025	0.06683573959	1.032808307	0.0647126278293964
Drosophila_rhopaloa	1041015	0.03797671202	0.5429693369	0.0699426458164695
Drosophila_gunungcola	103775	0.009325138355	0.11944274	0.0780720398326428
Drosophila_elegans	30023	0.01172953652	0.1365497897	0.085899337858885
Drosophila_takahashii	29030	0.02834937098	0.3785324895	0.0748928342120551
Drosophila_pseudotakahashii	193234	0.02150929849	0.2787269198	0.0771697922304525
Drosophila_biarmipes	125945	0.03334119215	0.4028549293	0.0827622792351917
Drosophila_subpulchrella	1486046	0.01042258006	0.1475188701	0.0706525209482336
Drosophila_suzukii	28584	0.0135221718	0.1889307782	0.0715720960281314
Drosophila_eugracilis	29029	0.0677194814	1.164966067	0.0581300033694458
Drosophila_melanogaster	7227	0.01721612825	0.1903963317	0.0904225837561134
Drosophila_sechellia	7238	0.007182307025	0.06724172982	0.106813239995854
Drosophila_simulans	7240	0.004777145468	0.05592169483	0.0854256202806863
Drosophila_mauritiana	7226	0.005393931152	0.05973503186	0.0902976190695213
Drosophila_erecta	7220	0.02616477748	0.2613195256	0.100125612198035
Drosophila_teissieri	7243	0.01213184401	0.1417429234	0.0855904740708911
Drosophila_santomea	129105	0.005247851471	0.06768114265	0.0775378674993455
Drosophila_yakuba	7245	0.005537477939	0.07898451904	0.0701083960034708
