species	gap_Wb_WC_notambiguous	gap_WC_duet	gap_WC_duet_ambiguous	gap_WC_duet_notambiguous	rho_aa_fpkm	pval_aa_fpkm	nb_codon_not_decoded	gc3	var_gc3	gci	var_gci	gc3_top5	gci_top5	lm_r2_gc3_gci	lm_pval_gc3_gci	nb_genes	nb_aa	species	freq_constrain_Wb_WC_notambiguous	freq_constrain_WC_duet	freq_constrain_WC_duet_ambiguous	freq_constrain_WC_duet_notambiguous
Microtus_ochrogaster	0.02582	0.00349999999999995	-0.00517000000000001	0.00416	0.756595754107771	0.000113076201203124	0	0.605196601185016	0.0135183409017492	0.459786549158426	0.00343280474426345	0.617372106711243	0.467496714415278	0.554937622866305	0	15927	2	Microtus_ochrogaster	0.016733338385128	-0.02684811682362	-0.0309042317089681	-0.0116619034480631
Lonchura_striata	0.07178	0.088	0.10002	0.0843099999999999	0.798970900809078	0.0000239160122078238	0	0.618790648506825	0.0298425215531341	0.453867445587082	0.00926079915409564	0.755722253503069	0.545441053885094	0.652517174033722	0	12335	4	Lonchura_striata	0.0150343919169751	-0.0229354986227479	-0.00353161582949291	-0.024126458581209
Cyprinus_carpio	0.01336	0.0306699999999999	0.04964	0.0302899999999999	0.732882073534183	0.00023731061938129	0	0.563198999923524	0.00845602864211211	0.3369442454353	0.00125970416173795	0.60588343709579	0.344658345108018	0.0245963927332151	0.0000000000000000000000000000000000000000000000000000000000000000000000000000000000000000000000000000000000000000000000000000000000000000000000000000000000000000000000000000000000611234153071061	34453	8	Cyprinus_carpio	NA	NA	NA	NA
Callithrix_jacchus	0.00768000000000002	-0.0116699999999999	0.00626000000000004	-0.03451	0.751888790567584	0.000131840068023983	0	0.594124574561334	0.0249353119712675	0.458558246922029	0.00643506995896835	0.636145266324284	0.49154370343907	0.615793313023851	0	18892	3	Callithrix_jacchus	NA	NA	NA	NA
Pelodiscus_sinensis	0.0137099999999999	0.00768999999999997	-0.00967000000000007	0.01214	0.626270628783205	0.00313416450497703	0	0.537950848817229	0.0266538277451783	0.467402929810674	0.0053994895483968	0.540073980091784	0.464749410591958	0.674542287263513	0	14549	7	Pelodiscus_sinensis	NA	NA	NA	NA
Panthera_tigris	0.0267	0.02011	0.01458	0.0174200000000001	0.545944506952286	0.012767909499624	0	0.591990149404062	0.0236266399300573	0.461160221538747	0.00767985694473451	0.641462095928775	0.487710967746133	0.663091551493064	0	12933	4	Panthera_tigris	0.00638983756999101	-0.017110389364118	-0.01253330250406	-0.0145324313288899
Monodelphis_domestica	0.02529	0.00929000000000008	-0.00134999999999996	0.00972000000000006	0.583805178385833	0.00688135336652142	0	0.536621387086575	0.0203862813832141	0.416667028355818	0.00574381062522686	0.536581735706954	0.423027414139271	0.569785909162916	0	16784	5	Monodelphis_domestica	0.012533984782956	-0.025298295760908	-0.0459663288302891	-0.00577259742195502
Heterocephalus_glaber	0.01924	0.00791999999999998	-0.000890000000000002	0.02194	0.595774614551689	0.005572770931311	0	0.612908779500839	0.0254219842358313	0.460131707352811	0.00787353929253422	0.634240035714662	0.475326624136433	0.651416908493869	0	15306	3	Heterocephalus_glaber	0.021253010747428	-0.00990017372401208	-0.030518347186408	0.019072506110321
Macaca_mulatta	0.00689000000000001	-0.03107	-0.01314	-0.05078	0.792313349751464	0.0000312368438291016	0	0.598375092978125	0.025983292562944	0.461237771377776	0.00656024394873697	0.620767374333199	0.48568347329066	0.620537682031352	0	18140	3	Macaca_mulatta	-0.00222495401325401	-0.021236176294499	-0.033974421125893	-0.00647527665020398
Ornithorhynchus_anatinus	0.00607000000000002	-0.0187499999999999	0.00266000000000005	-0.0309400000000001	0.817463825551155	0.0000107870323604555	0	0.700338222303453	0.0283533155944314	0.519181302658752	0.00764608855566761	0.723685168379875	0.535902034104093	0.617197785697751	0	14170	4	Ornithorhynchus_anatinus	0.011674958455003	-0.016725721843886	-0.0252207964879601	-0.019169485394795
Erinaceus_europaeus	0.01766	-0.00529999999999997	-0.01017	0.00107999999999997	0.614111422845395	0.0039698505453533	0	0.619439816582069	0.0294935711917177	0.465692637135366	0.00709092255612547	0.634131983229286	0.475137599194482	0.615409193879786	0	14349	2	Erinaceus_europaeus	0.00841351243105803	-0.024064045406327	-0.0220048011742719	-0.00759415921909501
Felis_catus	0.0178	-0.0143	-0.0184800000000001	-0.01363	0.776063723888804	0.0000577058560725104	0	0.619360934845304	0.0267560276895039	0.470182547270815	0.00832049269183674	0.622996920034068	0.47989969756172	0.678710597195287	0	15176	4	Felis_catus	0.00299478568463296	-0.0292561775575	-0.0280471720951641	-0.024246118930034
Oryctolagus_cuniculus	0.01321	-0.0112499999999999	-0.00757999999999998	-0.0295599999999999	0.801810639811423	0.0000212774899814028	0	0.644416697425019	0.0303230896291924	0.498994266124629	0.00895349862308731	0.652486756345038	0.518440008496624	0.67231852489475	0	15080	3	Oryctolagus_cuniculus	-0.00207748247892903	-0.0263646037202311	-0.029779529383312	-0.013382996641835
Rattus_norvegicus	0.00751999999999997	0.00768999999999997	-0.00348999999999994	0.013	0.631262889661069	0.00283632099684709	0	0.599346964135864	0.0123232619894524	0.459838410156806	0.00286582022943829	0.607912542980722	0.469611935705771	0.526084147682749	0	16927	3	Rattus_norvegicus	0.017046264135666	-0.00996669264180494	-0.026029483277626	0.0128968806207661
Mus_musculus	0.02477	0.00872000000000006	-0.00274999999999997	0.00707000000000002	0.624910109735382	0.00321969564135843	0	0.598372894359335	0.0133054134316816	0.456313069570442	0.00298283441981814	0.610160350908178	0.468392916413101	0.526373381417182	0	16780	4	Mus_musculus	0.01100435493622	-0.028338101704288	-0.0247479473132199	-0.015765478651713
Gallus_gallus	0.04027	0.00439000000000001	-0.000950000000000006	-0.00417000000000001	0.711112372124164	0.000439668336332138	0	0.603323688191461	0.0278145710703674	0.475147591435506	0.0107352014780377	0.626793932550978	0.501172738184531	0.740857719886241	0	15543	3	Gallus_gallus	0.013122622510248	-0.0296838017693799	-0.01990519649917	-0.018753806311561
Loxodonta_africana	0.00849	-0.00486000000000003	-0.01045	-0.00200999999999996	0.713050069229928	0.000417114634786804	0	0.588323619606836	0.020905774245825	0.447995512676363	0.00550849224595969	0.599595112467045	0.453281332906339	0.607144458197493	0	17602	7	Loxodonta_africana	0.00580594568554899	-0.00101975369854501	-0.011702455841629	-0.00162804797865101
Sus_scrofa	0.01725	-0.0202300000000001	-0.01854	-0.0169800000000001	0.825122284752354	0.00000755616763415194	0	0.627214173584656	0.0270911416144121	0.473232315904577	0.00754705593976794	0.637375201936931	0.486103121252087	0.656876457241738	0	14414	5	Sus_scrofa	0.019129720423312	0.00123425247536202	-0.025829082845101	0.0106489966465469
Canis_lupus	0.02717	0.00007000000000007	0.0173	-0.00744	0.73220468824649	0.000242117766390997	0	0.619167454022181	0.0279376091202618	0.468544706382072	0.00948957128685351	0.702188692611564	0.537776737228305	0.638209440011581	0	16600	3	Canis_lupus	0.015086795431787	-0.0108322277071601	-0.041343031480316	0.0267966883654369
Danio_rerio	0.01202	0.0434299999999999	NA	0.0434299999999999	0.706766917293233	0.000494044115314917	0	0.55277504709708	0.0086867836597154	0.348824264630373	0.00127588074982558	0.573980378890777	0.344822114603252	0.0677409366611238	0.0000000000000000000000000000000000000000000000000000000000000000000000000000000000000000000000000000000000000000000000000000000000000000000000000000000000000000000000000000000000000000000000000000000000000000000000000000000000000000000000000000000000000000000000000000000000000000000000000000000000000000000000000000000000197626258336499	22735	8	Danio_rerio	NA	NA	NA	NA
Xenopus_tropicalis	0.00948999999999994	0.01327	0.00109999999999999	0.0218100000000001	0.763444958089005	0.0000898858337417296	0	0.485046631480454	0.0112195468160883	0.402732848416765	0.00187941742722459	0.494141140633434	0.403875093324169	0.486639477603482	0	16404	6	Xenopus_tropicalis	0.000500360813913969	-0.00805042322623106	0.023027870410505	-0.010233599125713
Xenopus_laevis	0.02419	0.02052	0.00306000000000001	0.02456	0.741353383458647	0.00018373904000046	0	0.481749945537297	0.00880697484540549	0.391090796471968	0.000808283081355517	0.491205121551228	0.390239156285547	0.356984674460588	0	23217	7	Xenopus_laevis	0.00828882722205598	0.001552363179044	-0.00116420928981903	-0.00160309068368097
Callorhinchus_milii	0.000990000000000046	-0.02878	-0.04014	-0.02664	0.735891856177034	0.000216924556093599	0	0.553632191352179	0.0167988398177694	0.428355143769718	0.00269757166642796	0.532620585171124	0.423484754692692	0.513659298347069	0	14866	8	Callorhinchus_milii	0.021344291913114	-0.021632036273426	-0.041624827018657	-0.020581304497484
Homo_sapiens	0.00632999999999995	-0.02606	-0.00206000000000001	-0.0496799999999999	0.510910603623932	0.0213295488032493	0	0.596658907454125	0.0265866156923862	0.459519997070043	0.00665023637017073	0.625406119072965	0.488896110872323	0.631735460786446	0	17356	4	Homo_sapiens	-0.00637045582451101	-0.027421673967989	-0.0336931277781181	-0.021827279492971
Equus_caballus	0.04183	0.0128700000000001	0.0184399999999999	0.00137999999999994	0.708585140923872	0.000470635315848484	0	0.621279501141756	0.0266269528757653	0.464986305941004	0.00815605350900503	0.664421922837239	0.500882721068159	0.673628640560749	0	16532	4	Equus_caballus	0.00869564889825503	-0.0341709087881431	-0.037790176818204	-0.026388852478291
Blattella_germanica	0.00190000000000001	0.00619000000000003	0.0325	0.00266999999999995	0.68272531286823	0.000909499872593694	0	0.384839955491888	0.0105153580265098	0.337057160622424	0.000541914674167463	0.411278752297392	0.333298790615557	0.0181722686888258	0.00000000000000000000000000000000000000000646029364950206	10959	8	Blattella_germanica	-0.00669187619233103	0.00113546120976099	0.003507630679777	0.00317885750842101
Cryptotermes_secundus	0.00244	0.00249999999999995	0.02426	-0.0317	0.797590412975308	0.0000252978470961927	0	0.443239234101671	0.00950092484659457	0.391531171211456	0.000854896935832412	0.471709183089484	0.392356589470731	0.325381289011736	0	11828	3	Cryptotermes_secundus	0.021410622902659	0.00128836792396703	0.041935783593554	-0.016720302980513
Acyrthosiphon_pisum	0.02197	0.04147	-0.000659999999999994	0.06171	0.636295902317398	0.00256028354275286	0	0.363412946882971	0.0258139773477327	0.251042993992275	0.00211388819811412	0.359363603823325	0.254168605394468	0.276849990743874	0	13083	2	Acyrthosiphon_pisum	-0.00539485826212893	-0.027278411239001	-0.023106330102205	0.00763046946380996
Halyomorpha_halys	0.0476799999999999	0.0452599999999999	0.05617	-0.00144	0.778743758604436	0.0000523327340683875	0	0.369861354048846	0.0137296061145142	0.289853943917533	0.000975295749066891	0.39470066608505	0.273296323570562	0.0203473985279281	0.000000000000000000000000000000000000000000000000000000109732655305316	13356	4	Halyomorpha_halys	0.00195162068563992	-0.025552674982126	0.00600087654634202	-0.019700650681972
Athalia_rosae	0.0686299999999999	0.04439	0.05452	0.0283100000000001	0.760005411236147	0.00010096045607322	0	0.450773603270508	0.00941764996825534	0.346201739567986	0.00262763670226647	0.477416693604292	0.33878352004611	0.508675043757614	0	10425	2	Athalia_rosae	0.017396735763908	0.00598418148601099	0.027463523540489	-0.00929849841012298
Cephus_cinctus	0.07875	0.06308	0.07397	0.0311399999999999	0.695740103467587	0.00065826962129232	0	0.41708680008089	0.010869500121591	0.310614503512147	0.00499354201346303	0.445746187413564	0.298000916121718	0.49770000749825	0	11010	3	Cephus_cinctus	0.00499112458415701	-0.012245301715859	0.00486317406275599	-0.002987601411306
Orussus_abietinus	0.0195	-0.00482000000000005	-0.00110999999999994	-0.0117499999999999	0.714414440561619	0.000401831300973808	0	0.526209413455908	0.0291353884361559	0.358227911628479	0.00823657981588318	0.521018218337048	0.344497206113849	0.676810478563798	0	9675	3	Orussus_abietinus	0.00741604852570499	0.00762998810271898	0.00796604878922003	0.00980287484014197
Nasonia_vitripennis	0.0709	0.0533999999999999	0.0535	0.05301	0.859303330001112	0.00000121737916239567	0	0.509874355047798	0.0368610763388361	0.325823715455965	0.00835299807887334	0.549409562069614	0.332799806544229	0.61013608314437	0	10873	2	Nasonia_vitripennis	-0.0000396007729429604	-0.011256492844395	-0.000537037284011999	-0.00959603406545201
Trichogramma_pretiosum	0.0503600000000001	0.0364100000000001	0.0205300000000001	0.02343	0.688567658033865	0.000788209520227316	0	0.474130503730242	0.0441306226653271	0.296664454814072	0.0076326975468346	0.472780662419541	0.291066503535838	0.534397005766667	0	12166	3	Trichogramma_pretiosum	0.00391618922672399	-0.015804076353816	-0.000326735483761997	0.00806185951632299
Harpegnathos_saltator	0.0362000000000001	0.01481	-0.00493999999999994	0.02517	0.778118747750216	0.0000535455800536879	0	0.517228030392155	0.0302974457314749	0.343696198971373	0.0101290533244949	0.532692949898977	0.347075822814426	0.672519444578183	0	10515	4	Harpegnathos_saltator	-0.00537376966402597	-0.00467370202443396	-0.00249593510200302	-0.00331019615719802
Linepithema_humile	0.0383899999999999	0.00959000000000004	0.00595999999999997	0.00343999999999997	0.644696498469684	0.00214952179779594	0	0.457363966774333	0.0205231366058054	0.275590914284347	0.00499804952811256	0.454423377214113	0.272209375533756	0.506379469613699	0	10589	2	Linepithema_humile	0.00274985494353197	0.00425621507181101	0.00191418758631401	0.009021960094451
Camponotus_floridanus	0.0291399999999999	0.0108	0.03537	-0.06267	0.788386286085304	0.0000364051210832675	0	0.42282160703104	0.0185900450353172	0.246044448853125	0.00406780498898538	0.45260311260728	0.258052786374647	0.456753005259446	0	9574	2	Camponotus_floridanus	0.000297381827425003	-0.022824505293946	-0.012515753228783	0.000752160758665021
Pogonomyrmex_barbatus	0.06467	0.01098	-0.00744999999999998	0.0185299999999999	0.740016962683099	0.000191428391923998	0	0.440712232855466	0.0180879823893607	0.269873133010767	0.00533418891737842	0.43950225427985	0.270867335974945	0.4479788402035	0	9766	2	Pogonomyrmex_barbatus	0.011587210907876	-0.00687246237882699	-0.00451165341483295	0.0218458276000549
Polistes_canadensis	0.01925	0.03213	0.04801	-0.01054	0.726665749558375	0.000284644472534016	0	0.299602531344826	0.0084048567389845	0.230730912064411	0.00360465747438936	0.326248737353186	0.233419480076884	0.55545241163879	0	8854	3	Polistes_canadensis	0.00684329022351704	-0.017698045394095	0.00344792893067	0.00122887761970492
Polistes_dominula	-0.00151999999999997	0.01875	0.06066	-0.0546000000000001	0.728329236854413	0.000271250927787022	0	0.281604829555877	0.00757423545510706	0.221678846646701	0.00356006040364456	0.320760224845674	0.227079904280916	0.489890248015305	0	9156	3	Polistes_dominula	-0.00023710185769199	-0.020929157184397	0.003326346878328	0.013839526579273
Solenopsis_invicta	0.03438	0.02974	0.0307	0.02203	0.701891789920176	0.000561746177540413	0	0.460370656472459	0.0170756657178965	0.28091280915386	0.0044009258277436	0.486014048568859	0.288960080240971	0.344320514705388	0	11248	3	Solenopsis_invicta	0.021516807790566	-0.00256418047990697	0.00423777883694998	0.00151161460956201
Acromyrmex_echinatior	0.0398700000000001	0.01088	0.01536	-0.0174	0.601442840927262	0.00502880162659785	0	0.426548468120973	0.0130366979373682	0.267128201161238	0.00300484342247126	0.439657250785057	0.268626603279945	0.317385901894036	0	9864	2	Acromyrmex_echinatior	0.024005565780871	-0.00854592313276997	-0.00495826663280902	0.012525630104231
Atta_cephalotes	0.02716	0.03263	0.06684	0.0167899999999999	0.685449122741564	0.000851125230430831	0	0.39852004454815	0.010299455002478	0.251147466897216	0.00216715610455364	0.450168060965321	0.255233633401172	0.174341908215063	0.0000000000000000000000000000000000000000000000000000541744308618002	1283	3	Atta_cephalotes	0.023631105419321	-0.011355466557308	-0.00611838478454096	0.000871484169818026
Dufourea_novaeangliae	0.02767	0.03005	0.02536	0.01398	0.721788027500411	0.000327218471293622	0	0.430963813842309	0.0251904981236693	0.313004163353152	0.00510456516650094	0.439030756970559	0.307176601555888	0.662900807680806	0	8904	2	Dufourea_novaeangliae	-0.0141064416507031	-0.013638568930573	-0.005647520224356	0.00829186991506392
Megachile_rotundata	0.0387099999999999	0.01463	0.00914999999999999	-0.01202	0.834992884181085	0.0000046538864689168	0	0.378500864541815	0.0245934141063631	0.28084756807338	0.00695551692954725	0.378826525872959	0.275878491118593	0.679554037789547	0	9367	3	Megachile_rotundata	-0.00636426189492401	-0.021083191901763	-0.004369381341714	-0.00126712544701502
Habropoda_laboriosa	0.03371	0.0339199999999999	0.03621	0.01069	0.577509759087474	0.0076646596242317	0	0.38533162380887	0.0269750149764234	0.292662791217744	0.00764251280951406	0.406236434986849	0.289290665698741	0.723722454369455	0	8495	3	Habropoda_laboriosa	-0.00127401548538408	-0.025190123397355	-0.00822081753791803	0.010644646643887
Eufriesea_mexicana	0.05044	0.03117	0.01505	0.01869	0.698284098754926	0.000616775155041642	0	0.356688669158819	0.0319390357413288	0.268005654990834	0.0103564082399296	0.366710786426466	0.263463204452086	0.760489830634912	0	9323	3	Eufriesea_mexicana	0.00491866855383993	-0.027037057077925	-0.013449550615765	0.01222071192222
Apis_mellifera	0.06299	0.03655	-0.07948	0.08772	0.643291011388314	0.00221412370684854	0	0.311658427010736	0.039805694282252	0.195884792517288	0.0099489079046787	0.247459570289359	0.158148505635731	0.772709898686919	0	9467	2	Apis_mellifera	0.00708149960089099	-0.030980856791165	-0.014550026367682	0.0138379571746809
Apis_florea	0.04872	0.00756000000000001	-0.05342	0.0565000000000001	0.609461596403798	0.00433467434771346	0	0.313087321952772	0.0376050632290836	0.203183515627262	0.0102676558029669	0.266196655683291	0.171170647329112	0.779941505301638	0	9627	3	Apis_florea	0.025058681222352	-0.022274379984478	-0.017844195639396	0.013555807955402
Apis_cerana	-0.00517999999999996	-0.04872	-0.07925	-0.04089	0.698872900501164	0.000607494089370211	0	0.308653044010715	0.0372535299076868	0.200529476687743	0.0105249051643755	0.224621764560017	0.153827670168592	0.77914504673902	0	9501	3	Apis_cerana	0.01721880928617	-0.014376364431177	-0.00761979702597501	0.00186040766718998
Bombus_terrestris	0.04123	0.02019	0.00867000000000001	0.01936	0.676792932893851	0.00104842330535699	0	0.354529396801099	0.0200791960267947	0.269216059959885	0.00648269497264926	0.355924143354851	0.262128078589791	0.716764462378815	0	9762	2	Bombus_terrestris	0.0282348417545051	-0.013794613619456	-0.00410889759730501	0.00815155631650499
Onthophagus_taurus	0.00344	0.0443200000000001	0.07348	-0.04671	0.744168758444874	0.000168401235436999	0	0.310893882984966	0.00577127818500752	0.25067776948937	0.00651264269177868	0.345970704979518	0.239030528742748	0.0749293292561103	0.00000000000000000000000000000000000000000000000000000000000000000000000000000000000000000000000000000000000000000000000000000000000000000000000000000000000000000114826058887853	10383	3	Onthophagus_taurus	-0.00351138805361206	-0.035739285415149	-0.00975720324514301	0.00508510069152801
Tribolium_castaneum	0.0281	0.01483	0.03297	-0.00102999999999998	0.661390641251525	0.00149502479302004	0	0.52084302878909	0.0132870503203304	0.305940686020677	0.00365122260327157	0.561209700618999	0.329936045518391	0.159423853648536	0	11996	4	Tribolium_castaneum	0.00121606424994103	-0.00394953624310501	0.0114658207143009	-0.015829231198206
Dendroctonus_ponderosae	0.05433	0.0337099999999999	0.06118	-0.00442999999999993	0.474222994307383	0.0346450144131764	0	0.486170126130949	0.0141654252288482	0.35212339831227	0.00336380061545597	0.503399093663849	0.351905192386204	0.569280430179728	0	10206	3	Dendroctonus_ponderosae	0.00419647047855404	0.001139834711813	0.023516927564294	-0.013817085191006
Anoplophora_glabripennis	0.02038	0.0458	0.0557299999999999	0.0256800000000001	0.773805536525403	0.0000625958678788568	0	0.4242235080351	0.0176134517207014	0.291320055574288	0.00176495306705339	0.440316344000456	0.287201522512678	0.134557973545491	0.0000000000000000000000000000000000000000000000000000000000000000000000000000000000000000000000000000000000000000000000000000000000000000000000000000000000000000000000000000000000000000000000000000000000000000000000000000000000000000000000000000000000000000000000000000000000000000000000000000000000000000000000000000413450436606268	10854	3	Anoplophora_glabripennis	-0.00600944886529697	0.007031919133622	0.034000925863979	-0.00197391081849496
Leptinotarsa_decemlineata	0.03612	0.02732	0.03106	-0.00458999999999998	0.721995861993911	0.000325299708728385	0	0.395209222676124	0.00845031147781306	0.329369941495358	0.00131470958236605	0.398835483068151	0.321394239638668	0.0795975434047636	0.0000000000000000000000000000000000000000000000000000000000000000000000000000000000000000000000000000000000000000000000000000000000000000000000000000000000000000000000000000000000000375189599324095	11054	3	Leptinotarsa_decemlineata	0.00450869917812402	-0.00713696504112804	0.028766896545318	-0.0153552879507309
Plutella_xylostella	0.0826600000000001	0.10685	0.11437	0.0939300000000001	0.813700179945487	0.0000127733008460418	0	0.636242508223943	0.0233021618288915	0.359345989053345	0.00253517268098362	0.68257670404219	0.341174510601119	0.151548182744942	0	14815	3	Plutella_xylostella	0.02827701414435	0.075583360167217	0.075932303796127	0.069300467987142
Bombyx_mori	0.0354800000000001	0.0715799999999999	0.09647	0.00356999999999996	0.702296270017705	0.000555844874557419	0	0.489905829700895	0.0215626302319522	0.348037786228115	0.0023062786031078	0.529145647889454	0.331070404656097	0.241711323326157	0	10215	2	Bombyx_mori	0.00142686099717204	0.015014342494965	0.038453910433131	-0.01129270999948
Danaus_plexippus	0.0916799999999999	0.08802	0.11925	0.06714	0.790208557582889	0.0000339217812770878	0	0.475124111996042	0.0183490145488471	0.282618308708473	0.00274789171174467	0.522638044399522	0.276398519367112	0.364942179243505	0	12616	5	Danaus_plexippus	0.00553178810277699	0.024704987181915	0.036794158754566	0.021140029823843
Aedes_aegypti	0.0905300000000001	0.10487	0.13177	0.10048	0.781496858575839	0.0000472679406641745	0	0.576569246465426	0.00952944799109417	0.362837641346247	0.00175989403939752	0.642655751824279	0.363489417308831	0.0686065868821835	0.0000000000000000000000000000000000000000000000000000000000000000000000000000000000000000000000000000000000000000000000000000000000000000000000000000000000000000000000000000000169446840394446	12222	7	Aedes_aegypti	0.037164980550722	0.03195174143472	0.029349487626089	0.032601058676593
Culex_quinquefasciatus	0.10283	0.08274	0.08231	0.07882	0.79428362142068	0.0000288920071124081	0	0.710506666073987	0.0104948493023077	0.359133688807533	0.00410811008601023	0.757837443945943	0.369953514139564	0.0206294011105136	0.00000000000000000000000000000000000000153352100759668	9045	4	Culex_quinquefasciatus	0.035944302773816	0.0464934459798899	0.0273397908295689	0.052740932686975
Anopheles_gambiae	0.10515	0.09456	0.08677	0.10486	0.695818479372599	0.000656956832210989	0	0.696173804481812	0.0148735681378653	0.429489639339923	0.00426243194357101	0.737491510445566	0.443385257910907	0.241800811750305	0	10209	3	Anopheles_gambiae	0.044741220845624	0.061414184548097	0.052068390201461	0.073437689909158
Drosophila_grimshawi	0.0769500000000001	0.08561	0.09949	0.0613	0.787631849447902	0.0000374783092070757	0	0.591384539456267	0.00535213825273285	0.327381915449988	0.00335822764427834	0.621489132232877	0.322007640302325	0.0470039249022565	0.000000000000000000000000000000000000000000000000000000000000000000000000000000000000000197026917540948	9613	3	Drosophila_grimshawi	0.05277625736946	0.0255334507490169	0.030652360562271	0.0506487646913769
Drosophila_pseudoobscura	0.09916	0.05552	0.04913	0.06879	0.843692644893075	0.00000295582068074896	0	0.664722274680686	0.0111510274808375	0.407474905685732	0.00467199031566131	0.665619291048893	0.399489206107661	0.253840957260486	0	13017	3	Drosophila_pseudoobscura	0.037418309874058	0.042440778930681	0.0503336974869769	0.0568944627821449
Drosophila_melanogaster	0.10077	0.09809	0.08841	0.112	0.852513400264492	0.00000181281734677542	0	0.652348765143381	0.0103123740455502	0.36166968172267	0.00426788252696969	0.708235084125209	0.380798976397636	0.200294864984157	0	11417	3	Drosophila_melanogaster	0.0421560699032739	0.040405431568141	0.051970034931777	0.047587811263291
Drosophila_suzukii	0.0870299999999999	0.11294	0.12944	0.09462	0.744813489401664	0.00016504750202951	0	0.666569205720306	0.0132203924589304	0.350234304420556	0.00524905369390107	0.745988278193293	0.374053861631599	0.134354160052297	0	12597	3	Drosophila_suzukii	0.0387211202330821	0.046649120865309	0.0533318435959981	0.039586431985161
Ceratitis_capitata	0.10354	0.10115	0.11233	0.00949999999999995	0.834776595337229	0.00000470514321933425	0	0.407700253666795	0.00548383021076029	0.287414990820929	0.00463352217916772	0.420176808104207	0.273953796365874	0.149057986430209	0	11361	2	Ceratitis_capitata	0.008039321016445	-0.014212653212528	0.011356208629205	0.000105799939140949
Lucilia_cuprina	0.06726	0.08213	0.18964	-0.05702	0.877500227507806	0.000000375131101057259	0	0.316935010388671	0.00310435313832258	0.248915155878141	0.00272227590830643	0.396690425476949	0.244819129676025	0.00226141174227272	0.00000162887790077263	11674	3	Lucilia_cuprina	-0.00795875751275799	-0.031089335788934	0.01248266867233	-0.00599058630348692
Musca_domestica	0.15188	0.09289	0.16346	-0.0108900000000001	0.814146204891156	0.0000125224588049084	0	0.423629130935421	0.0049115556014422	0.314909477710213	0.00286944297275799	0.475275589017324	0.309451875648232	0.0516415126481333	0.000000000000000000000000000000000000000000000000000000000000000000000000000000000000000000000000000000000000000000000659191260423242	11609	3	Musca_domestica	0.020714635387387	-0.016840817599461	0.01996602990069	-0.00774860588183002
Enhydra_lutris	0.0241200000000001	-0.000370000000000037	-0.01097	0.00653999999999999	0.602865142715356	0.00489941190418602	0	0.627703538227944	0.0270438841937061	0.473529435312664	0.00858668608741292	0.66104192579126	0.509213197949232	0.687006342637075	0	15188	5	Enhydra_lutris	0.00594200039431603	-0.0236902951847751	-0.0200680347143359	-0.0224871646759179
Carassius_auratus	0.02483	0.0552900000000001	0.05514	0.05579	0.734386964855608	0.000226921988130888	0	0.568391809454628	0.00844351625822882	0.341696166834941	0.00125464151061559	0.601099077508194	0.346851223886859	0.0296218782078474	0.000000000000000000000000000000000000000000000000000000000000000000000000000000000000000000000000000000000000000000000000000000000000000000000000000000000000000000000000000000000000000000000000000000000000000000000000000000000000000000000000000000182392448838578	39408	8	Carassius_auratus	NA	NA	NA	NA
Motacilla_alba	0.01839	0.00424000000000002	0.07462	-0.10423	0.517573299039163	0.0194232534082184	0	0.636548010954366	0.0289260304105841	0.468827918302244	0.00963427688678163	0.736231410772131	0.530200184588415	0.651469239420213	0	14181	2	Motacilla_alba	0.016615948443045	-0.00489754316051305	-0.010496605135594	-0.00855724650129996
Patagioenas_fasciata	0.03746	0.0292500000000001	0.02989	0.0204199999999999	0.839451000339432	0.00000370027685450432	0	0.600835962090911	0.0294141914675137	0.463566667696706	0.00965841028869986	0.643432584251847	0.495732896912631	0.737774079694417	0	12737	3	Patagioenas_fasciata	0.00436419590233394	-0.0227442746086091	-0.0149705776819899	-0.0195495163955129
Terrapene_carolina	-0.00961999999999996	-0.00411	0.02685	-0.0237299999999999	0.6923427000187	0.000717353032185345	0	0.568682014296399	0.0295700657699251	0.467142890804015	0.0066147083228084	0.613406232035642	0.48915779726339	0.706972767756848	0	16398	5	Terrapene_carolina	0.014180770343601	-0.002251522453531	-0.01553571650372	0.00252263392090701
Osmia_bicornis	0.0205700000000001	0.02242	0.01946	-0.0109	0.653016449246976	0.00179850643702629	0	0.376350422458249	0.0208726991007866	0.283742079442467	0.00660996479903562	0.369273447729815	0.267141661787134	0.694285059336869	0	9793	3	Osmia_bicornis	0.00964920852516904	-0.015705237863953	-0.002585644369759	0.00109292903708003
Neophocaena_asiaeorientalis	-0.00339	-0.00442999999999993	0.0399200000000001	-0.0269999999999999	0.631301909337966	0.00283408940191122	0	0.612002687239504	0.0271779969390317	0.462015705453636	0.00773050605119008	0.674669399025104	0.498671313665546	0.671089337818494	0	13505	4	Neophocaena_asiaeorientalis	0.010845565527056	-0.0183923372140801	-0.033245233991902	-0.013400489508961
Lamprotornis_superbus	0.0292000000000001	0.0369700000000001	0.0308200000000001	0.05444	0.678769894104934	0.00100026665945405	0	0.560992608425136	0.019563439509976	0.432181004967359	0.00565110347445251	0.613268525656953	0.462360109380514	0.669146996868227	0	7170	1	Lamprotornis_superbus	0.024710265704461	0.00798424688889099	0.00467764568033702	0.0242581306556959
Nematolebias_whitei	0.02118	0.0379799999999999	0.05483	0.0245799999999999	0.815651096212581	0.0000117073784286346	0	0.63121516680407	0.0106266499951913	0.389301393544785	0.00136737812744308	0.664345242005163	0.390228074952061	0.132819346936198	0	17178	4	Nematolebias_whitei	0.034764735523876	0.0290042104022129	0.012964481681246	0.026074400858606
Tetranychus_urticae	0.00458999999999998	0.10896	0.10023	0.0290299999999999	0.606962388603855	0.00454193941056154	0	0.29263409527649	0.00152401123004695	0.268200321008848	0.00151603257287897	0.3156838430978	0.270208790913369	0.0150869413308912	0.000000000000000000000000000000301103124076132	10487	2	Tetranychus_urticae	0.0178512028662451	-0.012400399247596	0.00815314505466602	0.00468292024753203
Ixodes_scapularis	0.03627	0.0537799999999999	0.06613	0.0534399999999999	0.543265767034579	0.0133038756798684	0	0.729473411916428	0.0108324767154251	0.45136948658747	0.000793290198083141	0.763734161585483	0.457734084626407	0.130643422320838	0.000000000000000000000000000000000000000000000000000000000000000000000000000000000000000000000000000000000000000000000000000000000000000000000000000000000000000000000000000000000000000000000000000000000000000000000000000000000000000000000000000000000000000000000000000000297247479256269	9894	8	Ixodes_scapularis	0.034674485314817	0.061912936113346	0.041389204453985	0.062740274704842
Tyto_alba	0.03216	0.0314199999999999	0.0435600000000001	0.02454	0.671977578214998	0.00117396353516636	0	0.565009966870064	0.0283272382585468	0.456517150879453	0.0106635350549589	0.632204849505995	0.495050358736029	0.754183508075191	0	13727	3	Tyto_alba	0.00446921935133504	0.00519394988561295	0.01005495912488	0.00490374578033304
Anser_cygnoides	0.02586	0.03332	0.0267899999999999	0.04373	0.540445962455487	0.0138875216917243	0	0.555744238255419	0.028288755255361	0.446260746175923	0.00887457287547598	0.610076397344581	0.468569780196875	0.760573564916294	0	12033	3	Anser_cygnoides	0.02334470573168	0.017130673868098	0.0216219369413311	0.00959620097357899
Ursus_arctos	-0.00340000000000007	-0.0303499999999999	-0.0338900000000001	-0.03696	0.770332198900235	0.0000708133446976165	0	0.621837021017684	0.0266166496546467	0.468738404974652	0.00809149641683901	0.601536881449093	0.467928801045231	0.685319582862048	0	15211	5	Ursus_arctos	-0.014822852367969	-0.028873887361431	-0.031977994214995	-0.0225430747085991
Seriola_lalandi	0.0411199999999999	0.0389600000000001	0.0273	0.04807	0.706280606547366	0.000500470185153833	0	0.629614949236168	0.00760048702309348	0.382825483701636	0.000959298467640591	0.648872328564759	0.379242650799611	0.203784929173967	0	17418	4	Seriola_lalandi	0.031949666601475	0.02735829999184	0.0196525022450551	0.0357646255916351
Balaenoptera_acutorostrata	-0.0303299999999999	-0.03355	-0.01123	-0.05348	0.584870527120854	0.00675553366316515	0	0.613111618136821	0.0278320832611638	0.458849966445382	0.00821435840993977	0.622380706049778	0.471913603571302	0.644214677614291	0	14387	3	Balaenoptera_acutorostrata	0.0161915475566359	-0.016486001513721	-0.031385693890125	-0.00597680438543402
Podarcis_muralis	-0.00511999999999996	0.00236999999999998	-0.0182600000000001	0.01397	0.630193166218652	0.00289807237295818	0	0.576338077896331	0.0193403671687895	0.444918163308193	0.00136835161421343	0.571392799176107	0.444246109688059	0.486951566870959	0	18321	4	Podarcis_muralis	0.014432924392332	-0.034128159174545	-0.024311770036711	-0.03121964070516
Anas_platyrhynchos	0.05227	0.04956	0.0569299999999999	0.0379999999999999	0.70632610221742	0.000499866014723342	0	0.606795976796782	0.0339367848066898	0.466266424723054	0.0119454146380774	0.685193645424523	0.515732368271483	0.766905265012871	0	13915	3	Anas_platyrhynchos	0.015669803907964	-0.036375395689582	-0.029219572486895	-0.029928365901385
Diabrotica_virgifera	0.0399900000000001	0.0759400000000001	0.10807	0.04401	0.484940308985094	0.0302221542966977	0	0.339534839743685	0.00524526742090598	0.323732634166404	0.000655467324674289	0.360609661257013	0.32030180710737	0.00690995913332612	0.000000000000000000455632639918762	12760	4	Diabrotica_virgifera	-0.00280496570091199	-0.015608850870496	0.020869741834165	-0.024813956712599
Trachemys_scripta	0.02076	-0.000460000000000016	-0.0262600000000001	0.01233	0.619963434595537	0.00354719581047689	0	0.532654212454221	0.0233746600424019	0.447959234209297	0.00413139611545352	0.507907689798571	0.432420333398504	0.664889031501241	0	10522	5	Trachemys_scripta	NA	NA	NA	NA
Glossina_fuscipes	0.0644899999999999	0.01668	0.02429	0.00220999999999999	0.654096564627712	0.00175668154305007	0	0.353111326767287	0.00137509680348762	0.291903173686704	0.00258829502322765	0.372535101673773	0.296323961856477	0.0152280360796384	0.0000000000000000000000000000000148996739391817	10611	3	Glossina_fuscipes	0.013944325375451	-0.00933219052696899	0.010667858622781	-0.000637108142638065
Ceratosolen_solmsi	0.00718999999999992	-0.02409	-0.05442	-0.02982	0.539063477056587	0.014181110100188	0	0.381645906095569	0.0323304612190443	0.237479608761102	0.00547526119735003	0.352734655032098	0.232495933541699	0.615913419837152	0	8764	2	Ceratosolen_solmsi	0.038263582145338	-0.01604853428998	-0.002639042101164	-0.00323097851286491
Bombus_vancouverensis	0.02342	0.0357700000000001	0.01607	0.00904000000000005	0.77161858170023	0.0000676677827720789	0	0.354548740888308	0.0204181064766561	0.271921461452202	0.00658891791457121	0.353596178959077	0.262210263339362	0.71102711181085	0	9521	3	Bombus_vancouverensis	0.00746950213283493	-0.026510743857657	-0.00703097189329702	0.00184432741179197
Peromyscus_maniculatus	0.03328	0.02109	-0.00272999999999995	0.03059	0.627649949432904	0.00304938785584446	0	0.604228241316655	0.0164681698493992	0.465135710970839	0.00430252096136083	0.645577189886203	0.49014813737608	0.577617497583761	0	13182	6	Peromyscus_maniculatus	0.011131129183586	-0.0261113762556699	-0.022848223197377	-0.024058604425669
Equus_asinus	0.02568	-0.00367999999999996	0.00269999999999998	-0.0224299999999999	0.65309497756422	0.00179543775629718	0	0.614827441042836	0.0261773218495141	0.462472989053985	0.00806616520062775	0.635758487407502	0.481548243240867	0.672126149851585	0	16631	3	Equus_asinus	0.01348270872688	-0.031293245601468	-0.029967584511557	-0.025655568763973
Gorilla_gorilla	-0.00564999999999993	-0.02317	-0.00512000000000001	-0.0313999999999999	0.734543311948672	0.00022586532984657	0	0.595678622328502	0.0268910785637312	0.458264321727621	0.00652175860779824	0.618696463775684	0.482540731933145	0.625319357626485	0	16362	4	Gorilla_gorilla	0.006249745225683	-0.006585411295287	-0.0309510696702481	0.0104801348169611
Vicugna_pacos	0.01942	0.00944	NA	0.00944	0.593679626302331	0.00578568953278784	0	0.621810003373174	0.0240788565687652	0.457921617983376	0.00814268610624273	0.65769264844201	0.48221251073995	0.641351884012271	0	15327	8	Vicugna_pacos	0.018346253931757	0.00118090850280006	NA	0.00118090850280006
Pan_troglodytes	-0.00348000000000004	-0.01501	-0.00347999999999998	-0.0162199999999999	0.601357979858567	0.00503660981562505	0	0.597022752256186	0.0259086345127275	0.462005807646124	0.00669979356375177	0.619537018736297	0.480688905962601	0.620238365393918	0	16822	5	Pan_troglodytes	-0.00638373437447398	-0.00865732166084898	-0.038020239151876	0.00650821985148708
Struthio_camelus	0.02665	-0.000480000000000036	-0.0102900000000001	0.01306	0.716140769206986	0.00038317852280368	0	0.516749907824374	0.0201041342272577	0.431775247556038	0.00611256475695482	0.525967914659471	0.434619912722736	0.747040138661399	0	12433	3	Struthio_camelus	0.02638232329585	0.00740305959144605	0.01083817135126	0.00675125927714498
Vespula_pensylvanica	0.0415700000000001	0.02251	0.01045	-0.00514999999999999	0.646971897876048	0.00204827763030024	0	0.311719114217271	0.0132824429623899	0.244613432150258	0.00559560599619802	0.301213887958443	0.226547279704529	0.649182667713348	0	8913	2	Vespula_pensylvanica	0.00550952095365298	-0.021270506458917	-0.009416875339747	0.0000912749006389824
Arvicola_amphibius	0.02887	-0.000680000000000069	-0.00136000000000003	0.00188999999999995	0.662398075558497	0.00146160404954372	0	0.598691897943771	0.0135871259178048	0.457500388334331	0.00319766931417928	0.615122530075557	0.466725042676721	0.557474008537942	0	15214	3	Arvicola_amphibius	0.029065477953544	-0.030064335242948	-0.034463906213423	-0.0123093723801559
Chelonus_insularis	0.03309	0.0680900000000001	0.07163	-0.01551	0.703738541704371	0.000535228590884381	0	0.249912169439772	0.00332311364729427	0.213606248103263	0.00247752298406192	0.277937854277736	0.214772764129867	0.26439818566196	0	9896	2	Chelonus_insularis	0.00547986776896803	-0.018070718413279	0.011579399359833	0.00797047224066794
Exaiptasia_diaphana	-0.00337999999999999	0.00592999999999999	0.04164	-0.02854	0.521281527023222	0.0184226814471716	0	0.380476365568091	0.0036891093078343	0.335658963504523	0.0011487808052579	0.391004526886736	0.326775286054998	0.0761786401025853	0.0000000000000000000000000000000000000000000000000000000185967966729568	3843	5	Exaiptasia_diaphana	NA	NA	NA	NA
Branchiostoma_floridae	0.06526	0.0499100000000001	0.02458	0.07531	0.828058066241933	0.0000065625488699632	0	0.626203719720987	0.00783860025525245	0.388634862373551	0.000746337650143946	0.649488058054495	0.384867516665678	0.0877570187838995	0.000000000000000000000000000000000000000000000000000000000000000000000000000000000000000000000000000000000000000000000000000000000000000000000000000000000000000000000000000000000000000000000000000000000000000000000000000000000000000000000000000000000000000000000000000000000000000000000000000000000000000000761681085162064	16406	3	Branchiostoma_floridae	0.0452936496580589	0.055716309813127	0.045666097197343	0.085530726658043
Cloeon_dipterum	0.06915	0.05754	0.03899	0.08832	0.829187721417719	0.00000621168061183286	0	0.609969039080747	0.014608406624462	0.326468645710343	0.00356096565644329	0.639443845206965	0.341117610285495	0.137006779817719	0	14022	3	Cloeon_dipterum	0.0325203797528349	0.035509953484686	0.0484365002293959	0.01261267273498
Gymnodraco_acuticeps	0.02484	0.00798000000000004	0.03438	-0.01206	0.576156490538107	0.00784220749666154	0	0.641110611080237	0.00971773160106879	0.384406285908618	0.00129406115493384	0.654664476644696	0.378890458981169	0.0643032838940621	0.0000000000000000000000000000000000000000000000000000000000000000000000000000000000000000000000000000000000000000000000000000000000000000000000000000000000000000000000000000000000000000000000000000000000000000000000000000000000000000000000000000000000000000000000000000000000000000000000150969435452967	21193	5	Gymnodraco_acuticeps	0.010068310187794	0.0281583026864749	0.0440399315165669	0.0157273734267039
Pseudochaenichthys_georgianus	0.02058	-0.00457000000000007	0.04376	-0.0309599999999999	0.696240601503759	0.000649924405497341	0	0.654537742434741	0.00905765719630923	0.390591204148693	0.00131619002218582	0.660811440380258	0.377707005889479	0.126596996942712	0	17554	5	Pseudochaenichthys_georgianus	0.017877239905195	0.0244737984127911	0.041638491015751	0.00649780410176692
Molothrus_ater	0.04232	0.02536	0.03118	0.0125999999999999	0.730245904253911	0.000256489393868494	0	0.638550097770315	0.0295788631685434	0.466213923282783	0.0094183796873496	0.683641873393195	0.499166452103331	0.651921081940825	0	13677	3	Molothrus_ater	0.00940079590850396	-0.024394462222707	-0.0114132443882471	-0.019484094321781
Zerene_cesonia	0.0563	0.07058	0.0872200000000001	0.03466	0.833146486831912	0.00000510752068498453	0	0.476268236960232	0.0253270211580745	0.298556037648523	0.00172086544884121	0.502522089100348	0.288932370312789	0.315405427578356	0	9753	3	Zerene_cesonia	-0.00229394851168596	0.023283251228436	0.055421310028335	0.00161717666830907
Osmia_lignaria	0.0632600000000001	0.0256399999999999	0.00494999999999995	0.0172499999999999	0.689940596514056	0.000761784604515744	0	0.379091548240341	0.0206899931441734	0.283891725190674	0.0065260594873186	0.364846507102466	0.268513228654971	0.680470489179028	0	9862	2	Osmia_lignaria	-0.016396589658397	-0.020035594788826	-0.00408450660403903	0.00667331339314203
Bombus_vosnesenskii	0.0375000000000001	0.03145	-0.01944	0.0434600000000001	0.738288858546377	0.000201778330682777	0	0.351521128744248	0.0201088912494539	0.270671430906949	0.00657275429834371	0.324530525076054	0.24835291169817	0.707428915942351	0	9420	2	Bombus_vosnesenskii	0.0228269285678809	-0.023262554029265	-0.00756433154876401	0.00545826889927303
Bombus_bifarius	0.0262	0.0337899999999999	0.01902	0.00514000000000003	0.775687723306369	0.0000584964434878749	0	0.35806009146307	0.0204956617311853	0.273413715542277	0.0066097484900194	0.359976475801183	0.262366973736088	0.70262826381257	0	9788	3	Bombus_bifarius	0.007546461155437	-0.026031268819227	-0.00763764640721501	0.00352557685872701
Pollicipes_pollicipes	0.0501200000000001	0.0475800000000001	0.04115	0.0436	0.709338153826022	0.00046122043964911	0	0.836701619683601	0.00616588809962093	0.543982525255686	0.00445943884766178	0.840236663077545	0.522116731809073	0.211501199590081	0	17147	3	Pollicipes_pollicipes	0.0243450566274539	0.066599923435201	0.081157421629824	0.060550169102034
Dissostichus_mawsoni	-0.00374999999999998	0.00538999999999995	0.03995	-0.0102800000000001	0.545864661654135	0.0127836288762047	0	0.644733885177688	0.00707856778684955	0.386828818719401	0.00135830350158906	0.649152173257932	0.374152262570572	0.0488951288799597	0.000000000000000000000000000000000000000000000000000000000000000000000000000000000000000000000000000000000000000000000000000000000000000000000000000000000000000000132432600081337	15054	6	Dissostichus_mawsoni	0.011948809655379	0.0366627477782331	0.0531409315565671	0.029629145857088
Arvicanthis_niloticus	0.0320799999999999	0.0289000000000001	0.0176999999999999	0.03787	0.607452400754864	0.00450066917208958	0	0.590045950833861	0.0136126449184068	0.450486034250895	0.00323602189404263	0.634487943539862	0.473065780551141	0.544322200615867	0	16633	4	Arvicanthis_niloticus	-0.007208889629991	-0.031383878344985	-0.030117680847249	-0.0201018236428511
Anneissia_japonica	-0.00209000000000004	-0.00052000000000002	0.00617000000000006	-0.00663000000000002	0.559067125909546	0.01038831681086	0	0.383780269205807	0.00268708738310893	0.326302424791726	0.000823880458735549	0.398766631937488	0.328125955305056	0.00146526242696002	0.00000259615555106759	16720	7	Anneissia_japonica	NA	NA	NA	NA
Oxyura_jamaicensis	0.02421	0.00173000000000006	-0.00588999999999995	0.0175299999999999	0.777069736524271	0.0000556357106074663	0	0.580998744811128	0.0315876446230005	0.458137035334106	0.0114834839616321	0.587803697149859	0.465564047940076	0.766944502834185	0	12266	1	Oxyura_jamaicensis	0.00188802141023398	-0.024223851887351	-0.021964604547787	-0.00722819657106999
Ignelater_luminosus	0.03961	0.06823	0.07366	0.0476099999999999	0.616950246578062	0.00375989448304515	0	0.274070628666743	0.00369985006438115	0.276640658884574	0.0034283169577263	0.287962110938763	0.256785623859449	0.113566798462406	0	16273	6	Ignelater_luminosus	-0.025165965510753	-0.03807745229855	-0.00451314454023399	-0.055758687234564
Belonocnema_treatae	-0.0105700000000001	0.0443100000000001	0.13458	-0.0807499999999999	0.728031355093128	0.00027360897304176	0	0.393768880852878	0.00611755542139621	0.27396005847111	0.00196360326877788	0.452755982831966	0.271074732039567	0.00283503551303699	0.0000000530644443072942	11036	3	Belonocnema_treatae	0.00120142646781501	-0.00155382369394808	0.032510511109282	-0.00495865119796501
Stegodyphus_dumicola	0.0136700000000001	0.02928	0.05615	0.02219	0.56390977443609	0.00960697153757661	0	0.31909807840436	0.00678158226680058	0.321098378504886	0.000479496829448631	0.335314027086247	0.3192069403126	0.0478088527398678	0.00000000000000000000000000000000000000000000000000000000000000000000000000000000000000000000000000000000000000000000000000000000000000000696900402695175	14289	7	Stegodyphus_dumicola	-0.00596483624319499	-0.015189094191774	0.00854185551122602	-0.010871212271081
Odontomachus_brunneus	0.03962	0.01232	-0.0226	0.0485100000000001	0.751618891842897	0.000132992443824246	0	0.505186167960864	0.0222236445520535	0.315828254671593	0.0054117433351858	0.489204914902955	0.302120048702548	0.474120138116465	0	10991	3	Odontomachus_brunneus	0.016532559183334	-0.00545834891149599	-0.000575841917114961	-0.012495609267557
Chiroxiphia_lanceolata	0.02895	-0.03481	0.00558999999999993	-0.06346	0.670228008042226	0.00122260454610763	0	0.608272343264749	0.0265748857954824	0.459534501469816	0.00799788984215379	0.610582126004026	0.471560709197255	0.702914253544556	0	2633	3	Chiroxiphia_lanceolata	0.0197033777173349	-0.00662597696608291	-0.028156796398584	-0.00667826085436707
Cyclopterus_lumpus	0.03156	0.0266000000000001	0.02383	0.0276900000000001	0.583678115740954	0.00689648702271959	0	0.675415301463619	0.0111735225588444	0.399394431171835	0.00158696005762596	0.681342162177433	0.393547068109541	0.155592812103199	0	17469	4	Cyclopterus_lumpus	0.043070949614481	0.0354633623188599	0.0174925234092981	0.0337456225250911
Notolabrus_celidotus	0.02526	0.01507	0.00896000000000002	0.0120400000000001	0.587660061016629	0.00643499300820501	0	0.625745239793516	0.00764781782823688	0.386009474787945	0.00105107154692183	0.626308820255545	0.38061140305741	0.184098838171518	0	19366	4	Notolabrus_celidotus	0.037594059915955	0.0212308214515	0.0327020343786729	0.00194093473792201
Pecten_maximus	0.02447	0.03226	0.02219	0.0380399999999999	0.738149193159172	0.000202635323442418	0	0.452756195724853	0.00357719960886573	0.346441736273828	0.0010104832575108	0.461399795657218	0.340619515474155	0.0242481057025743	0.0000000000000000000000000000000000000000000000000000000000000000000000000000000000000000000000467909511224101	19335	4	Pecten_maximus	0.017486516110283	0.00374455682436498	0.027991812734296	-0.002388362741924
Photinus_pyralis	0.03498	0.02578	0.01918	0.00167999999999996	0.682487085958149	0.000914762299736174	0	0.444754977815649	0.0113532441633856	0.34326197794213	0.00246403818213736	0.440369026749891	0.335810804942145	0.276093869114381	0	13243	3	Photinus_pyralis	0.007560109367381	0.000531418624738045	0.024089007659042	-0.00487744630787201
Actinia_tenebrosa	0.0249	0.05032	0.074	0.04398	0.762802069878727	0.0000918725041370932	0	0.397742293399774	0.00357458954987516	0.353592356075953	0.000886520932915259	0.426791524367694	0.348053996211099	0.057882866028917	0.000000000000000000000000000000000000000000000000000000000000000000000000000000000000000000000000000000000000000000000567799439604486	10788	7	Actinia_tenebrosa	0.00995354444455399	-0.005107093471312	0.010393230767608	-0.004680242843001
Camarhynchus_parvulus	0.0461299999999999	0.05955	0.06247	0.0473600000000001	0.783814301679431	0.0000433381544382343	0	0.648104854477524	0.0310172816527721	0.467625151428869	0.00964727385213701	0.713839734569184	0.507490663716675	0.635535636966029	0	13961	3	Camarhynchus_parvulus	0.009110401709569	-0.0212543976074929	-0.00985776426884699	-0.01231984119317
Asterias_rubens	0.02097	-0.00491999999999998	0.00383000000000006	-0.00794	0.632016186665438	0.00279349634106985	0	0.499483164926088	0.00551193904668981	0.37531355369822	0.000517792596786931	0.529713864590526	0.372170737593317	0.00991428423920045	0.000000000000000000000000000000149122320311551	15215	6	Asterias_rubens	0.017567192583314	0.00326809523544103	-0.00880091681731598	0.00828994776118103
Gopherus_evgoodei	0.00214999999999999	-0.00210999999999995	0.01658	-0.00471000000000005	0.687476543540247	0.00080975921416633	0	0.563661082893624	0.0264752637062407	0.469082523074473	0.00633201750906919	0.598203855858497	0.482273379307989	0.687233580611893	0	13997	7	Gopherus_evgoodei	0.00683156033141302	-0.00935348210406706	-0.027865030471582	-0.00600025026624695
Archocentrus_centrarchus	-0.0103200000000001	0.01109	0.0540499999999999	-0.04149	0.654862261274555	0.0017275281255352	0	0.598319841081325	0.00691898363309732	0.392695896293981	0.000887614508965706	0.634338046248076	0.393513803440938	0.178580976784185	0	17628	3	Archocentrus_centrarchus	-0.010052805320689	0.018558200412982	0.0184793959838461	0.0198397704133
Dermochelys_coriacea	0.02475	0.000109999999999999	0.03681	-0.01275	0.712834477713576	0.000419574296156009	0	0.561845226825815	0.0268650342691015	0.459492007680084	0.00602278625155421	0.627754683117306	0.492085453356501	0.681714965762306	0	13809	6	Dermochelys_coriacea	0.00752642633302802	-0.00583152873576509	-0.01773788550621	0.000449681930667079
Thrips_palmi	0.05249	0.0727300000000001	0.06959	0.06957	0.61266170128448	0.00408075843526563	0	0.611286837308667	0.0589338033636781	0.435877906365613	0.0162716194840394	0.688033822078658	0.444171888071989	0.71672572845769	0	13235	4	Thrips_palmi	-0.00765084280517797	-0.000392870109426013	-0.000642522086306052	0.00146308635793696
Eumeta_japonica	0.01742	-0.01819	-0.0398700000000001	-0.01634	0.806043474876073	0.0000178130551022774	0	0.491789799016654	0.0226459323314012	0.310462817260674	0.0020244827805497	0.441399000315626	0.285550791625017	0.142463871381565	0	12652	5	Eumeta_japonica	0.012505662872348	-0.00374819963536704	0.00495180968078301	0.00166093352690799
Nylanderia_fulva	0.03772	-0.00867000000000007	-0.00867000000000007	NA	0.715535641153413	0.000389631111362199	0	0.443867925812242	0.0204660339494125	0.24966670505459	0.00417527224868265	0.434634925627572	0.241892461799395	0.382843195908027	0	10938	0	Nylanderia_fulva	0.027932615148061	-0.00485204735998002	-0.00485204735998002	NA
Varanus_komodoensis	0.03226	0.04012	0.03808	0.03492	0.699323565549813	0.000600470669210685	0	0.5391930550053	0.0210704689279368	0.445644943132057	0.00488386795226459	0.599790665708295	0.473739876532197	0.668437658128734	0	12107	3	Varanus_komodoensis	0.0000610355994969947	-0.027775495863098	-0.022959567624064	-0.025594459081221
Anarrhichthys_ocellatus	0.02134	0.02788	0.0235	0.02635	0.672448627952718	0.00116114963818874	0	0.662258221474405	0.00813143032679091	0.395081220951871	0.00102466288755965	0.670134933198971	0.394827242964625	0.11325639389732	0	20379	3	Anarrhichthys_ocellatus	-0.031070548604986	0.033643254998305	0.0235160965268849	0.050069289437779
Cottoperca_gobio	0.02059	-0.00772000000000006	0.00982	-0.0111199999999999	0.533834586466165	0.0153370468002174	0	0.633974363678024	0.00707617307860648	0.381907776872458	0.00110189899499428	0.636538110325928	0.375724019095624	0.0944146673596582	0	15755	5	Cottoperca_gobio	0.024588656184011	0.00990379030812094	0.012144989738391	0.00561969936459306
Phyllostomus_discolor	0.00928999999999996	-0.05093	-0.10831	0.02893	0.559224583672166	0.0103621250284247	0	0.586116355405495	0.0255086764321306	0.447948936485252	0.00754890975784134	0.477351573604249	0.413006500373313	0.778345634014615	0.00000000000000000000000000000000000000000000000000000000000000000000000000000000000000000000000000000000000000000000000000000000000000000000000000000000000000000000000000000000000000000000000000000000000000000000000000000000000000000000897885544309427	747	2	Phyllostomus_discolor	-0.019968401351466	-0.014461571457166	-0.02435091156687	-0.00485264607292202
Onychomys_torridus	0.03609	0.02952	0.0181500000000001	0.03186	0.581640495730927	0.0071429248489124	0	0.599729660694555	0.0148065783949423	0.459241429902383	0.00361461363565975	0.644545251265937	0.485994036059001	0.54052941593905	0	15906	7	Onychomys_torridus	0.013983359347613	-0.0306268577737661	-0.03177634626245	-0.028921540383591
Suricata_suricatta	0.02978	0.0178199999999999	0.01128	0.0220400000000001	0.60489749450816	0.00471930096325168	0	0.62945528286842	0.0252716574377999	0.475407524424888	0.00878522976817359	0.69539634489672	0.52691629087588	0.657182734841894	0	15255	5	Suricata_suricatta	0.00730148999414904	-0.020088899717252	-0.0174944177477849	-0.01681175849701
Strigops_habroptila	0.0621199999999999	0.0696700000000001	0.0617599999999999	0.06847	0.689006805467952	0.000779674238294545	0	0.54816771001209	0.022321704636261	0.438257625025917	0.00587276573944174	0.653466218465232	0.506870301689296	0.672058687194619	0	1939	4	Strigops_habroptila	-0.000888154064335067	-0.027227081718191	0.00815104882690798	-0.037276409916517
Marmota_flaviventris	0.03361	0.03384	0.03753	0.0325300000000001	0.511681789879658	0.0211015827360575	0	0.584048355246264	0.0258480068489573	0.443039082711391	0.00793507458252969	0.653302469858498	0.48772032676665	0.708948460420754	0	13813	5	Marmota_flaviventris	0.00841401912843004	-0.0357499020351879	-0.037074610426322	-0.02929488370292
Erythrura_gouldiae	0.00713999999999998	-0.01926	0.00532000000000005	-0.05161	0.542783225709735	0.0134023240298193	0	0.620055449136118	0.0272877337642376	0.462639171515567	0.00986799044168934	0.640493867788628	0.476861574645233	0.638266849933804	0	13189	2	Erythrura_gouldiae	-0.000858253666486009	0.000648350733197023	0.00505559626544894	-0.010674460137259
Bos_indicus	0.00730000000000003	-0.02571	NA	-0.02571	0.454819792899063	0.043920141113616	0	0.594445484288013	0.0263753443980013	0.455526253649821	0.00721995568413401	0.632643691389919	0.489100288320218	0.653901891449876	0	4855	7	Bos_indicus	NA	NA	NA	NA
Apteryx_rowi	0.0294700000000001	0.0470699999999999	0.04451	0.0423100000000001	0.77161858170023	0.0000676677827720789	0	0.53990824746922	0.0289133293547537	0.440881120409797	0.0108285443156981	0.624580156106851	0.491711048099201	0.770590534086777	0	8647	3	Apteryx_rowi	NA	NA	NA	NA
Ceratotherium_simum	0.0125599999999999	-0.00366	-0.00692000000000004	-0.00883999999999996	0.600677838664661	0.00509955243350521	0	0.612140110439833	0.0281989789068733	0.459470311319599	0.00827080107944243	0.632702422884292	0.479606339489012	0.681877247121098	0	14636	3	Ceratotherium_simum	0.00166428663962404	-0.0333132919197719	-0.033251929866553	-0.017189502398131
Micropterus_salmoides	0.03809	0.0395500000000001	0.0198900000000001	0.0507899999999999	0.806798197230826	0.0000172497198760103	0	0.610102125209102	0.00800707502891094	0.38464114509372	0.00102621265282416	0.628850612874178	0.383743369622256	0.145148247966724	0	23095	5	Micropterus_salmoides	0.01457986461191	0.030660971590314	0.029784263809575	0.0332377648152089
Drosophila_subpulchrella	0.12094	0.12646	0.12068	0.13032	0.856928682647573	0.00000140249024033628	0	0.668053772097669	0.0141362561168552	0.343925687283849	0.00491935889134772	0.74496356874174	0.368689471112156	0.158011092132163	0	12535	3	Drosophila_subpulchrella	0.0572788891564311	0.041217061473249	0.053712992360871	0.05088627070694
Molossus_molossus	-0.00223999999999996	-0.02051	-0.01711	-0.02547	0.597513816822547	0.00540094910724073	0	0.601706765428201	0.025813872026338	0.45875706709921	0.00643158588862972	0.585213785778809	0.45245122586037	0.681139724918512	0	12574	2	Molossus_molossus	-0.00297188194809095	-0.019746094616695	-0.029416534893564	0.00254878825789095
Pipistrellus_kuhlii	0.01781	0.01914	0.02461	0.00634999999999997	0.617596868718971	0.00371338138860357	0	0.671567348053408	0.035833049410221	0.483588919835732	0.0106248781439246	0.71756405649831	0.515500587990829	0.676515786113858	0	15270	4	Pipistrellus_kuhlii	-0.013162493439697	-0.0333402919703569	-0.0363836389691371	-0.0277724043126001
Arctia_plantaginis	0.08615	0.09054	0.10006	0.07046	0.837545320241557	0.00000408472411016861	0	0.446419709286447	0.0147214931550934	0.342170132982666	0.00174666886427464	0.483453841605974	0.324981731151235	0.073466070213389	0.000000000000000000000000000000000000000000000000000000000000000000000000000000000000000000000000000000000000000000000000000000000000000000000000000000000000000000000000000000000000000131413858064152	12323	3	Arctia_plantaginis	0.014307854400935	0.04012191010281	0.044352108502611	0.038765597969805
Contarinia_nasturtii	0.09238	0.0906999999999999	0.1249	-0.00527	0.784554521782134	0.0000421438979184583	0	0.346334890304553	0.00187578522632199	0.270287678043732	0.00196250160255098	0.372628102843123	0.273102677124638	0.019061190058932	0.000000000000000000000000000000000000000000000000000000331967859109961	13616	3	Contarinia_nasturtii	0.0290162335034401	-0.011219264002306	0.017094158411103	-0.00010297689306904
Talpa_occidentalis	0.027	-0.00628000000000001	-0.00161999999999995	-0.0182599999999999	0.718163101259667	0.000362269718912035	0	0.623619843598985	0.0316714163563406	0.476324878815434	0.0120950502461666	0.634098330701191	0.49230757408688	0.702465909526231	0	17881	4	Talpa_occidentalis	0.010210439608087	-0.027654983685772	-0.036441539348262	-0.0150072275660711
Grammomys_surdaster	0.0291199999999999	0.00687999999999994	-0.00296000000000002	0.01406	0.643534451704081	0.00220281949877907	0	0.587275249208788	0.0135450498342321	0.450260138705599	0.00320062956339907	0.598732565957133	0.45704616313251	0.566307424369419	0	16514	3	Grammomys_surdaster	0.027083766404289	-0.00439109443407404	-0.021998190051467	0.022850691169078
Pipra_filicauda	0.03307	0.0110199999999999	0.05088	-0.0174000000000001	0.652080114506486	0.00183543579751564	0	0.624390368832691	0.0299135321984105	0.468047988552951	0.0101652915368202	0.701197572605794	0.517144883581891	0.696764017330126	0	14497	4	Pipra_filicauda	0.00755864816256702	-0.016266635387874	-0.0160678655807089	-0.021436983435959
Nothoprocta_perdicaria	0.02042	-0.00343999999999994	0.0549200000000001	-0.0811000000000001	0.847025525515075	0.00000246604930077793	0	0.62308983605266	0.0338772531204889	0.468968683386008	0.0131221099426264	0.698160236927727	0.518957141467155	0.738027091295185	0	7110	2	Nothoprocta_perdicaria	-0.00151942562062701	-0.017482068711129	-0.017143143348389	-0.031807943589988
Cyanistes_caeruleus	0.01197	0.00579000000000002	-0.00209999999999999	0.00695999999999997	0.552120472966851	0.0115984683536471	0	0.593310249290063	0.0258180000048351	0.446509963503549	0.00775001590503541	0.61008791826479	0.455651348095236	0.625627760705392	0	14173	3	Cyanistes_caeruleus	0.014051641304996	0.00782446119387803	0.022822534183753	0.00581841880954093
Paramormyrops_kingsleyae	0.00497000000000003	-0.01457	0.00386999999999993	-0.02956	0.761337122777819	0.0000965410403515868	0	0.6738073478655	0.0104658472633331	0.425348093392199	0.00214166411956203	0.658242650155197	0.418253745150883	0.380560765095481	0	21209	5	Paramormyrops_kingsleyae	-0.022893510799582	0.0255549557240781	0.047396021322494	0.014564829121955
Melanaphis_sacchari	0.06038	0.07058	0.06428	0.00825999999999993	0.783196303515407	0.0000443574829189784	0	0.330903523723114	0.0248575961526401	0.218744020473983	0.00217146781441068	0.36046475209161	0.228489256626571	0.363234733283952	0	10587	3	Melanaphis_sacchari	0.00301577631625094	-0.028338579408921	-0.022180594714897	0.00791764578587595
Piliocolobus_tephrosceles	0.00444	-0.00458999999999998	0.0381299999999999	-0.05589	0.72186722716718	0.000326486152330497	0	0.557282943737884	0.0355496534250211	0.445356889027017	0.0101520005784401	0.627235819752373	0.483467240928176	0.716908042821022	0	14702	3	Piliocolobus_tephrosceles	0.00178952887045902	-0.017970273163967	-0.028015140134691	-0.00505285004673595
Mastomys_coucha	0.00618000000000002	0.01208	-0.00254000000000004	0.0201799999999999	0.558525007881176	0.010478904976076	0	0.59095260998767	0.013758709999734	0.451057230013657	0.00323018339021319	0.591019955510489	0.454576972011965	0.527827263312936	0	17394	3	Mastomys_coucha	0.019686129085951	-0.0112306501731551	-0.034322818246147	0.01668474800158
Acanthochromis_polyacanthus	-0.00435999999999998	0.00266000000000011	0.0161	-0.00234999999999996	0.481203007518797	0.0317110446244624	0	0.635307649049277	0.00871134066500677	0.379560014512517	0.000839089945349316	0.660702975265342	0.383552049411366	0.0261557239906678	0.000000000000000000000000000000000000000000000000000000000000000000000000000000000000000000000000000000000000000759274154931419	20133	6	Acanthochromis_polyacanthus	-0.005218722137937	0.00942745131166101	0.0164179348696319	0.00902320907454002
Mus_pahari	0.0299300000000001	0.00491000000000003	-0.0122200000000001	0.0220799999999999	0.567551210774164	0.00905149901003436	0	0.599906370336558	0.0139495965876039	0.456741868479198	0.00327685276531941	0.607125144074243	0.465166470415417	0.578564748197828	0	13382	3	Mus_pahari	0.014536541846512	-0.011570714730641	-0.029866733302811	0.01330808407267
Miniopterus_natalensis	0.02044	-0.00390000000000001	0.01103	-0.02369	0.540100660862821	0.0139603879395813	0	0.609871444921567	0.0249831621788635	0.454765542221345	0.00729524901106136	0.6313612868809	0.468988491069151	0.645082762434247	0	14425	3	Miniopterus_natalensis	0.023491698949341	-0.019592111858544	-0.02410473264306	-0.0117894224641341
Myotis_myotis	0.0164	0.00279999999999997	0.00701000000000002	-0.00318999999999992	0.611908119856086	0.00413941486351589	0	0.640446492049464	0.0300850805615242	0.47921022125751	0.00823628462921213	0.668336513734409	0.498841619366923	0.647719884136176	0	15134	4	Myotis_myotis	-0.00992832245861597	-0.037553768088891	-0.035307719569191	-0.0254399684379291
Sturnus_vulgaris	0.04865	0.06616	0.07468	0.0456699999999999	0.91069486824102	0.0000000247253609710913	0	0.61519848018799	0.0276748915061526	0.45726502384236	0.00873692339292618	0.709334276083859	0.512347923153041	0.674849048557231	0	11364	3	Sturnus_vulgaris	0.00211315820188407	-0.024169472165205	-0.015978209685109	-0.016426926743346
Octopus_bimaculoides	0.00463999999999998	0.00585000000000002	-0.00967000000000001	0.00656000000000001	0.709774436090226	0.000455839234387782	0	0.335859963694928	0.00338623896701672	0.357882974704311	0.000511819249865641	0.345395241497551	0.351434045699508	0.0622305301535055	0.00000000000000000000000000000000000000000000000000504654647408852	3888	5	Octopus_bimaculoides	0.00942877654882701	-0.022472879999375	-0.023710847298484	-0.00327965293489596
Lynx_canadensis	-0.00894	-0.0681600000000001	-0.09071	-0.06092	0.641325211205879	0.00230719453281466	0	0.55156697154272	0.0230798098169721	0.433541518593943	0.00539827932091841	0.468237793690104	0.400545871936815	0.701888406562693	0	1796	4	Lynx_canadensis	-0.00241158280113302	-0.022236382707152	-0.018747172548733	-0.01880304938085
Calidris_pugnax	0.04014	0.02776	0.0263499999999999	0.02705	0.572948307050712	0.00827657622860123	0	0.59498997534642	0.0264569425016732	0.458757688167512	0.00836330564613069	0.63166338638526	0.47913123858019	0.736341815297111	0	12505	3	Calidris_pugnax	0.00356194300923396	-0.018189716341404	-0.00427950454404391	-0.0142200572445329
Nicrophorus_vespilloides	0.09135	0.0542599999999999	0.0686	0.0404999999999999	0.735297463192973	0.000220827325488542	0	0.521482549866724	0.0153390732485704	0.266459138176818	0.00362878000675565	0.570282075634272	0.281144020965835	0.325781247999617	0	10951	4	Nicrophorus_vespilloides	0.00822990029607601	0.011067933922943	0.022786933844494	0.01081006404618
Dinoponera_quadriceps	0.00238000000000005	-0.0409	-0.04193	-0.0437799999999999	0.728859447897416	0.000267096657478177	0	0.577609602448113	0.0234436695606322	0.354496669498882	0.00543132723262511	0.54500699375766	0.345389543560627	0.528705686266367	0	9685	3	Dinoponera_quadriceps	0.00622256515646502	0.013222303980752	0.018144858967958	0.00859683867064998
Gekko_japonicus	0.0165099999999999	-0.00922000000000001	-0.00262999999999997	-0.01134	0.604966311213022	0.00471329932255597	0	0.574712683392286	0.0213396902984309	0.460157646598853	0.00209599928899507	0.571388590396313	0.456859821749945	0.547878347501337	0	15332	4	Gekko_japonicus	0.015447596962198	0.00701508438209097	-0.030204227445685	0.0192127527378479
Pantherophis_guttatus	0.0120600000000001	0.00796999999999998	0.03371	-0.00628999999999991	0.741418245821552	0.000183372670671642	0	0.515512808467301	0.0210386091920919	0.411790107905404	0.00351160250482202	0.551054661324002	0.42818566006875	0.579504953902144	0	16711	5	Pantherophis_guttatus	0.011732483651155	-0.00598405574402805	-0.024809371648805	0.011456827571825
Sinocyclocheilus_rhinocerous	0.00808999999999999	0.00867000000000007	0.00591999999999998	0.00951000000000002	0.619781916714621	0.00355971991887252	0	0.568651928945611	0.00803722630719684	0.343525459810756	0.0012255298262881	0.588899769783314	0.350211983790341	0.025431020748682	0.0000000000000000000000000000000000000000000000000000000000000000000000000000000000000000000000000000000000000000000000000000000000000000000000000000000000000000000000000000000000000000000000000000000356951739070166	37209	7	Sinocyclocheilus_rhinocerous	0.010272885322512	0.00759162200807395	0.020537246943532	0.00458967050301995
Sinocyclocheilus_anshuiensis	0.01178	0.01468	0.0115300000000001	0.01647	0.619781916714621	0.00355971991887252	0	0.567883828843524	0.00793890717741638	0.344189707612775	0.0011368598397087	0.595724762667282	0.349582225607609	0.0237009391558668	0.0000000000000000000000000000000000000000000000000000000000000000000000000000000000000000000000000000000000000000000000000000000000000000000000000000000000000000000000000000000000381371862479248	35675	6	Sinocyclocheilus_anshuiensis	NA	NA	NA	NA
Hermetia_illucens	0.11469	0.12196	0.16909	0.0411700000000002	0.904639409801862	0.0000000436244108844205	0	0.426577257604608	0.0063738693342786	0.395273737701464	0.00298618986339733	0.488602274970603	0.377694910858183	0.0191801701281536	0.0000000000000000000000000000000000000000000279681022432903	10886	3	Hermetia_illucens	0.0244896955775361	0.00819287765515797	0.023544030287942	-0.000391409121099029
Scaptodrosophila_lebanonensis	0.10852	0.0795999999999999	0.0882100000000001	0.0646	0.874392062749156	0.000000464510850384983	0	0.545049527586584	0.00680841551474767	0.336224855650551	0.00293802634536844	0.581425337212374	0.343392498476405	0.123632570083395	0.0000000000000000000000000000000000000000000000000000000000000000000000000000000000000000000000000000000000000000000000000000000000000000000000000000000000000000000000000000000000000000000000000000000000000000000000000000000000000000000000000000000000000000000000000000000127399836870755	10863	3	Scaptodrosophila_lebanonensis	0.036199976889543	0.020878073674221	0.022108553321969	0.033152672095461
Zootoca_vivipara	0.02698	0.01364	0.00342999999999999	0.0219	0.595104633451366	0.00564014940700816	0	0.56830575703471	0.0185858959778288	0.441675075546115	0.0014011897935099	0.578301144136213	0.443374623737087	0.493354026831657	0	17631	3	Zootoca_vivipara	0.00154323248411004	-0.0301831505250421	-0.018188444251117	-0.028305449644171
Manis_javanica	0.02599	-0.01001	-0.01272	0.00128000000000006	0.564532321355152	0.00951009122254488	0	0.611014091539621	0.0244776233068596	0.458058287498828	0.00848721601084998	0.634338208958973	0.483316903397465	0.638265454706647	0	16350	1	Manis_javanica	0.056529697595595	-0.035618730604001	-0.0310510721186981	0.00724823102648697
Sander_lucioperca	0.0360300000000001	0.0356	0.02275	0.03722	0.754234579375928	0.000122179877593931	0	0.619866422668123	0.00827601593221122	0.386325701922891	0.000908984513501642	0.63109623276519	0.381037920378227	0.15603605444323	0	19881	5	Sander_lucioperca	0.022751184256855	0.027564247406076	0.0120204768872849	0.035518302001557
Colossoma_macropomum	-0.000189999999999968	-0.00109000000000004	0.02679	-0.03617	0.758931982967297	0.000104648193626729	0	0.601774378372366	0.0086118113726422	0.376221284860811	0.000580374950658542	0.616498823975623	0.380146892835481	0.168797141442035	0	17663	3	Colossoma_macropomum	-0.0237086912908	-0.00220097345185699	0.0108271438030131	-0.00799680040834394
Perca_fluviatilis	0.03134	0.02732	0.03063	0.0321899999999999	0.70853709410822	0.000471241544220902	0	0.621346236337936	0.00902827952980738	0.386294930751288	0.000864626507205594	0.632384653831699	0.383298859866109	0.126683436618014	0	21951	6	Perca_fluviatilis	0.011738864388231	0.025600021019795	0.0303129129610531	0.018144613940266
Periophthalmus_magnuspinnatus	0.02366	0.01097	0.05244	-0.04521	0.622272561409414	0.00339103799188676	0	0.582252324668926	0.00885624411356642	0.364954775514352	0.00101817962454914	0.609115697634673	0.363999630191538	0.172763831946176	0.00000000000000000178862187990952	422	3	Periophthalmus_magnuspinnatus	0.013362342138993	-0.00636205708454896	-0.011604740906053	-0.00993029303739301
Ophiophagus_hannah	0.0232899999999999	0.01891	0.0238	0.00847000000000003	0.648240890131338	0.00199356775378487	0	0.492218696033666	0.0164394230066249	0.400536896332528	0.00383628760911631	0.51583914847042	0.404977744620375	0.523524046789747	0	10469	2	Ophiophagus_hannah	0.00123949864801709	-0.014661735589255	-0.01082934629725	-0.017759755068818
Crotalus_tigris	0.00516000000000005	0.00721999999999995	0.02589	-0.02785	0.719509479221801	0.000348895145547798	0	0.514145457065525	0.0223393104998996	0.410675642437819	0.00372837101416278	0.552903668323119	0.429412931261647	0.603505508251989	0	16054	2	Crotalus_tigris	0.027263781081233	-0.018841550530188	-0.029276226288552	0.010452429938433
Bothrops_jararaca	-0.02468	-0.0116000000000001	0.01897	-0.01297	0.716443682085461	0.000379982824278572	0	0.489399607550454	0.0261089189968168	0.428739058985814	0.00792784252124925	0.536042286906889	0.488446896996545	0.859908654586362	0.000000000000000000000000000139378071481241	67	3	Bothrops_jararaca	NA	NA	NA	NA
Thamnophis_sirtalis	-0.000329999999999997	-0.000970000000000026	-0.01702	-0.00147999999999993	0.641662632594533	0.00229099109917484	0	0.502470857267067	0.0226139111207562	0.406798023221353	0.00437870953420598	0.476640898977342	0.393470720681397	0.615118180840375	0	12090	3	Thamnophis_sirtalis	NA	NA	NA	NA
Thamnophis_elegans	0.00504000000000004	0.00191999999999998	0.01561	-0.00336999999999998	0.638495112120934	0.00244690558293717	0	0.520526763352268	0.0229572413052648	0.418662191394714	0.00388453563077969	0.544952703076757	0.434003874369733	0.583753483038603	0	14428	4	Thamnophis_elegans	0.025483827257732	-0.00540506651548001	-0.035951329776276	0.025524777449273
Naja_naja	0.01055	0.00698999999999989	-0.01035	0.02084	0.654096564627712	0.00175668154305007	0	0.510213325916349	0.0210351501574803	0.411819212540318	0.00408425986979186	0.503112824568918	0.408974029656093	0.553480788120212	0	14143	2	Naja_naja	0.022718584385308	-0.0144729385246599	-0.031006347441551	0.035830957825608
Aquila_chrysaetos	0.0468	0.0345500000000001	0.0361899999999999	0.0234900000000001	0.636535968691651	0.00254769813088231	0	0.591531112083624	0.0302267663233624	0.471890337294465	0.0124071785138276	0.683143562761955	0.542400358783051	0.757696476027151	0	14860	2	Aquila_chrysaetos	0.018605530814471	-0.034684040222249	-0.0253587059250631	-0.034858185468853
Catharus_ustulatus	0.04065	0.0154400000000001	0.01584	0.00747999999999993	0.514525786708304	0.020277576909566	0	0.635581646846731	0.0290520311274669	0.466796629203715	0.00866330368513575	0.66480797698958	0.485088906143606	0.579760485778286	0	15432	3	Catharus_ustulatus	0.015018693517443	-0.028091683280872	-0.0186857437827169	-0.016157838221626
Corvus_cornix	0.03091	0.0304500000000001	0.0300200000000001	0.0207200000000001	0.735180759073148	0.000221600609666462	0	0.610726234709097	0.0269908922110496	0.461439308235571	0.00885369241338747	0.664735335424106	0.498826431958447	0.689981502795313	0	13410	3	Corvus_cornix	-0.00140185360770495	-0.030880722821226	-0.0230934462408561	-0.02204663226129
Hirundo_rustica	0.04772	0.03196	0.0316	0.0186899999999999	0.713231383438303	0.000415055545828353	0	0.629440642027559	0.0292275722007663	0.469761512690766	0.00968962718115002	0.688800439977298	0.509264805554919	0.689817586813147	0	13303	2	Hirundo_rustica	0.02448406995036	-0.017758049580906	-0.011458453438248	-0.003973844329627
Panthera_leo	0.01377	-0.00677000000000005	-0.0155100000000001	0.00112000000000001	0.708051366730663	0.000477407543368606	0	0.622894429519365	0.0268580528894157	0.470813037527299	0.00850529382737068	0.617717557784406	0.472256888523777	0.667357844057941	0	16924	4	Panthera_leo	0.011667944433095	-0.016229844381244	-0.0280995736095769	-0.0137872567676
Pteropus_giganteus	0.00210999999999995	0.00941000000000003	-0.0029300000000001	0.0166899999999999	0.677725691176562	0.00102546429499963	0	0.608457857024719	0.0270967111008793	0.450280964459693	0.00977257045485682	0.62917959793111	0.465566684321289	0.699479753662347	0	14483	5	Pteropus_giganteus	-0.011870255133308	-0.00970201526938097	-0.0305510161163071	0.00162249871826403
Phascolarctos_cinereus	0.00163999999999997	-0.00171999999999994	0.01966	-0.01775	0.850682603570947	0.00000201152116938611	0	0.542619486405166	0.0188510186540753	0.426194377312348	0.00445318309683199	0.56041802300182	0.438411531214081	0.587974723521587	0	12714	4	Phascolarctos_cinereus	0.00167452555547898	-0.016457156137509	-0.056139249142533	0.0151046988176621
Trichechus_manatus	0.01407	-0.00705999999999996	-0.0345899999999999	-0.00553999999999999	0.737674538710987	0.000205571135198273	0	0.578302922827322	0.0253210683087765	0.441369034855374	0.00595567836703116	0.524214999189031	0.413217887948254	0.654997239332818	0	12632	6	Trichechus_manatus	0.010540402331492	0.00286443525382507	-0.035270395485009	0.0107161392575119
Caenorhabditis_elegans	0.19163	0.23683	0.24768	0.20226	0.818833843748904	0.0000101337770085397	0	0.409491166705795	0.00805511162619456	0.294046289432146	0.00315234575052419	0.516032321444909	0.269879815666024	0.0541450279823839	0.000000000000000000000000000000000000000000000000000000000000000000000000000000000000000000000000000000000000000000000000000000000000000000000000000000000000000000000000000000000000000000000000000000413529221135846	16615	3	Caenorhabditis_elegans	0.035322422161765	0.016466674759433	0.027765842979011	0.00985592808284802
Meriones_unguiculatus	0.0164199999999999	-0.02863	-0.01757	-0.03595	0.656111582541422	0.0016808319866927	0	0.613762968741714	0.0181175496088686	0.46224951432721	0.00463795321921018	0.616971166503555	0.473106100254453	0.599130394838407	0	16191	4	Meriones_unguiculatus	0.00653647898355997	-0.0214297821841269	-0.017133214408408	-0.022609254108046
Zonotrichia_albicollis	0.0273299999999999	0.02921	0.0301900000000001	0.0213400000000001	0.79670366292642	0.0000262214453305117	0	0.593479833047725	0.023283278802638	0.440239031518499	0.00606327935066341	0.634597528406904	0.460602665061583	0.602361948034924	0	10013	3	Zonotrichia_albicollis	-0.00716131267562192	-0.019136676407585	-0.00485638021479906	-0.016712620617863
Bactrocera_oleae	0.0745800000000001	0.06974	0.07401	0.0349800000000001	0.846386502017462	0.00000255404507247769	0	0.415581939350262	0.00709661547981399	0.281400113599248	0.0035187415267488	0.409678838907944	0.275925979201635	0.157681653407108	0	10020	3	Bactrocera_oleae	0.00959758308169001	-0.00979498279921298	0.00958134491026702	-0.00162126666039097
Bagarius_yarrelli	0.0179	0.0197399999999999	0.0369099999999999	-0.0122800000000001	0.743504143312023	0.000171919326738035	0	0.563315745447174	0.00667425086214573	0.364918986550745	0.00113106274746469	0.578799158930037	0.359542735209376	0.155919723359317	0	13437	3	Bagarius_yarrelli	NA	NA	NA	NA
Gigantopelta_aegis	0.03022	0.02354	0.0188199999999999	0.0276	0.562617565172981	0.00981062731287732	0	0.50158488012482	0.00948772077479414	0.36328109279501	0.000742538360625126	0.51006818358031	0.359985574179827	0.107452849208104	0	15642	4	Gigantopelta_aegis	0.00887917820890999	0.031216496185837	0.04604317456936	0.036344630090518
Trichonephila_clavipes	0.00575999999999999	0.0000200000000000755	-0.00201999999999997	0.00307999999999997	0.531929346749739	0.0157765748905746	0	0.320629146519886	0.0103249036838246	0.279994398182829	0.00145889603573047	0.308826492565134	0.275971110802834	0.125726424547693	0.0000000000000000000000000000000000000000000000000000000000000000000000000000000000000000000000000000000000000000000000000000000000000000000000000000000000000000000000000000000000000000000000000000000000000000000161273518683614	8758	4	Trichonephila_clavipes	-0.00499252744892098	-0.019707234691714	-0.020431645232685	-0.00591579395959396
Oncorhynchus_mykiss	0.0204799999999999	0.02228	NA	0.02228	0.84812030075188	0.00000232143036443903	0	0.646464813537057	0.00732239042134231	0.41590725748374	0.00108973316925251	0.639060963075746	0.40638807920035	0.0920885517622326	0	33418	9	Oncorhynchus_mykiss	0.034241494516894	0.049802934760226	NA	0.049802934760226
Salmo_salar	0.01343	0.01164	NA	0.01164	0.798496240601504	0.0000243835751506595	0	0.647566535401603	0.00757568981103827	0.414066463572047	0.00122257339513208	0.640555684700687	0.407650837494418	0.0797606337355553	0	38726	9	Salmo_salar	-0.002393388979884	0.041131939685327	NA	0.041131939685327
Oncorhynchus_kisutch	0.00511	0.00609000000000004	NA	0.00609000000000004	0.704776281506796	0.000520799585237508	0	0.646067028192934	0.00732252999073309	0.415840235993371	0.00117227626831172	0.626867189066166	0.405676954874778	0.093738735477177	0	36357	9	Oncorhynchus_kisutch	0.02297074814778	0.043268997016656	NA	0.043268997016656
Acinonyx_jubatus	0.03447	0.0666700000000001	0.07086	0.0628	0.660641472831453	0.00152029178303433	0	0.608792722281466	0.0266001148936003	0.464069059813487	0.00822248310527857	0.716711451336868	0.533260064982193	0.692760147970174	0	8891	3	Acinonyx_jubatus	-0.000962168956526011	-0.035702066273421	-0.028688913850577	-0.027395558013783
Neomonachus_schauinslandi	0.0338100000000001	0.01436	0.00456000000000001	0.0212	0.692771869978706	0.00070965040748365	0	0.617089039847105	0.0281359942519007	0.468993308495288	0.0083051708220905	0.656473045534321	0.501842504290131	0.683224992280881	0	14187	5	Neomonachus_schauinslandi	0.019654800386366	-0.0318427294142469	-0.032381268036105	-0.0276970753179621
Vulpes_lagopus	0.03241	-0.000369999999999981	0.00148000000000004	-0.0119899999999999	0.719670264116456	0.000347326439401902	0	0.618131359023791	0.0279708041513931	0.468673178096536	0.00964065203630382	0.655498678677463	0.507587975599085	0.632549363159586	0	16699	5	Vulpes_lagopus	0.00385849612671396	-0.036564933802077	-0.049625483086579	-0.0287591172062159
Halichoerus_grypus	0.0489699999999999	0.0390200000000001	0.03285	0.0459200000000001	0.605194213391463	0.00469346849055597	0	0.613333536686756	0.0274874573166389	0.469231520679705	0.00853711466936922	0.69732164336751	0.525361200345486	0.685808965288545	0	12870	6	Halichoerus_grypus	0.00841194507647602	-0.0208463255008879	-0.016317273471945	-0.0193235193875481
Nyctereutes_procyonoides	0.04483	0.01477	0.02314	0.00915999999999995	0.724945334115215	0.000299085947103483	0	0.614256142616963	0.0275911472278867	0.469909358573603	0.00948773083540759	0.643531272052236	0.489420174715627	0.601186499333144	0	18409	4	Nyctereutes_procyonoides	-0.00254679561487203	-0.0351799481507571	-0.039623586649529	-0.025645618550832
Vulpes_vulpes	0.02047	0.00640000000000007	0.0081	0.00982000000000005	0.567985941294088	0.00898697007927785	0	0.607056932866071	0.0270654214360731	0.463324297189305	0.00944988272779009	0.648785369280559	0.491189164770022	0.638173449606431	0	15627	4	Vulpes_vulpes	0.035570210991955	-0.00711508321211807	-0.0335495388467759	0.015344854456821
Leptonychotes_weddellii	0.0139	-0.00753000000000004	-0.0144199999999999	-0.00634000000000001	0.644555579483827	0.00215592709455031	0	0.615979411587151	0.0267314999104241	0.471855946294662	0.00861242675620819	0.639726562060735	0.499567802751963	0.67308844869385	0	18203	3	Leptonychotes_weddellii	0.00667405456724202	-0.020162486480804	-0.014514048653359	-0.007463805906333
Mirounga_leonina	0.02481	0.0165299999999999	0.00513000000000002	0.0278199999999999	0.652066798643501	0.00183596552460742	0	0.613238208477902	0.0269975410227511	0.465730740104518	0.00805448680887463	0.665103385461159	0.50391065661669	0.654417326294035	0	17538	4	Mirounga_leonina	-0.003631867396024	-0.026915861971141	-0.022993714183325	-0.021900447130546
Puma_concolor	0.01644	0.01742	0.01524	0.0152299999999999	0.622645942671123	0.00336633203859985	0	0.576588941014922	0.0248975637133441	0.449652635877656	0.00684951839769313	0.621822803989084	0.475956200061092	0.702134558161615	0	9025	3	Puma_concolor	0.011225631882593	-0.024079220503584	-0.024738344396395	-0.010940425128607
Aphelenchus_avenae	0.0787300000000001	0.0851000000000001	0.0728000000000001	0.10913	0.671687508718484	0.0011819133379148	0	0.706327778197	0.00581558345854729	0.453173720235193	0.00166079287787181	0.762098367886957	0.440685714848844	0.0111617946151573	0.00000000000000000000000000000000000000000000000000000000795804955431432	23261	3	Aphelenchus_avenae	0.0422371103507999	0.0517666708647569	0.0408139275936591	0.0515496863325829
Orbicella_faveolata	0.02413	0.01174	0.01373	-0.01331	0.674191311998591	0.00111476267855678	0	0.429177156042894	0.00344535553506827	0.373663310541836	0.000466509426431254	0.436493799898448	0.368106581731784	0.0825868650251026	0.0000000000000000000000000000000000000000000000000000000000000000000000000000000000000000000000000000000000000000000000000000000000000000000000000000000000000000000000622250939168469	9865	3	Orbicella_faveolata	-0.00517970520696698	-0.024992293235401	-0.00495409986052298	-0.02371083235705
Hydra_vulgaris	0.0119700000000001	0.0194299999999999	0.01865	-0.02323	0.826808166561542	0.00000697073329602801	0	0.247204555924195	0.00144103024292375	0.246955811910278	0.00133742121613065	0.247627152072599	0.236167202358719	0.0132098220511066	0.000000000000000000000000000000000000238913228842447	14460	3	Hydra_vulgaris	-0.0156975901515	-0.037348168621469	-0.00234144930319499	-0.029712038655777
Stylophora_pistillata	0.01175	0.00871	-0.01083	0.01729	0.543675315352854	0.0132207777444294	0	0.419352560072221	0.00274425328847922	0.366534173275153	0.000670373468659523	0.42759460724065	0.360461609959847	0.0581817467136193	0.000000000000000000000000000000000000000000000000000000000000000000000000000000000000000000000000000000000000000000000000000000000000000000000000000000000000000000000000000000000000000000000000000000000000000000000138251309229176	19383	6	Stylophora_pistillata	-0.012776713935498	-0.012374363089831	0.027656395316918	-0.020809859607084
Teladorsagia_circumcincta	0.04369	0.0839200000000001	0.0664399999999999	0.09183	0.578630713088077	0.00752009216376594	0	0.477423408018402	0.00350223702522108	0.426241452837274	0.00154147144186149	0.506883883601719	0.416885796587859	0.0247548888943648	0.000000000000000000000000000000000000000000000000000000000000000000000000000000000000043008990302891	15774	4	Teladorsagia_circumcincta	0.010956817493413	0.020309705631077	0.017796515886099	0.027960413240767
Alligator_mississippiensis	0.00750000000000001	0.01495	0.05852	-0.02529	0.571646643179768	0.00845832140005317	0	0.576045405750764	0.0294215114897562	0.481599217329686	0.00782327166568468	0.652103493610687	0.516809258828241	0.706463182187758	0	17174	4	Alligator_mississippiensis	NA	NA	NA	NA
Armadillidium_vulgare	0.02332	0.0520599999999999	0.081	0.01867	0.551205444374361	0.0117660398324993	0	0.318157638283305	0.00391760759970364	0.250584605165055	0.00318044655199392	0.336387589795663	0.23936079020069	0.0159027270491587	0.000000000000000000000000000000000000000000417723210756369	12252	4	Armadillidium_vulgare	-0.00218738773938698	-0.00138988884552499	0.037567199833086	-0.00544103086868103
Ramazzottius_varieornatus	0.04081	0.07559	0.06709	0.0596699999999999	0.858610994450797	0.00000126900271020005	0	0.569876572635213	0.00365773161436529	0.429945913853993	0.00119296459530065	0.594451170374495	0.433380630107191	0.0132618767208023	0.000000000000000000000000000000000000000000014721759470026	17548	1	Ramazzottius_varieornatus	NA	NA	NA	NA
Puntigrus_tetrazona	0.01203	0.03324	0.05366	0.02082	0.672686420677166	0.00115472587222124	0	0.588823411007162	0.0104570074561897	0.345951490893521	0.00150216288200744	0.631622211358286	0.358687668730869	0.0713009998909174	0	22145	5	Puntigrus_tetrazona	0.000733885844824977	0.000754057336633029	0.0133047137434	-0.00345927526948298
Caenorhabditis_nigoni	0.15212	0.18303	0.20578	0.14581	0.746145220122457	0.000158300903032986	0	0.444048184804892	0.00625782927726755	0.320650022023207	0.00259348282100148	0.531077651409919	0.316174609245996	0.0436823389188163	0.000000000000000000000000000000000000000000000000000000000000000000000000000000000000000000000000000000000000000000000000000000000000000000000000000000000000000000000000000000000000000000000444105002360693	20124	3	Caenorhabditis_nigoni	0.025294314761888	0.03085241761672	0.038045840181814	0.0174518914968469
Lepidothrix_coronata	0.0503600000000001	0.03734	0.0389700000000001	0.02991	0.83817910415385	0.00000395317777178128	0	0.618500340715466	0.0297411272952836	0.464185719409054	0.00970124896797657	0.688544419946521	0.507959352803839	0.705296327724295	0	14029	3	Lepidothrix_coronata	0.0103699007367719	-0.023359875315465	-0.01559000120667	-0.0158980762129091
Owenia_fusiformis	0.00777999999999995	0.0175600000000001	0.02008	0.00326000000000004	0.479850191782937	0.032263916657649	0	0.39123625476296	0.00287764920591056	0.331823371249171	0.000444482214377799	0.405633303558756	0.332315517808597	0.0050531569947276	0.00000000000000000205618262093179	18739	4	Owenia_fusiformis	0.00418726434998895	0.003928033924816	0.028146647760629	-0.00759095312851799
Macrostomum_lignano	0.05017	0.06864	0.06133	0.0798899999999999	0.810689263460952	0.0000145835944361402	0	0.685446269661347	0.0119679861547076	0.446028903480742	0.00430434702631332	0.72750422376466	0.433530608930859	0.0985929910425775	0	40222	3	Macrostomum_lignano	0.019673828282464	0.0565940863293279	0.063802594589739	0.055769924345647
Lingula_anatina	0.000899999999999956	-0.00865000000000005	-0.01085	-0.01298	0.694277895783007	0.000683172143091508	0	0.464096428317485	0.00556760177228245	0.327823953422534	0.000890309643291419	0.464197708421166	0.33000360766545	0.11192377869256	0	19742	3	Lingula_anatina	-0.0155397872413061	-0.014175867728003	0.00932490350267301	-0.00521871730089496
Onychostruthus_taczanowskii	0.03191	0.01752	0.0745299999999999	-0.0267999999999999	0.6100988924743	0.0042830924982807	0	0.63917247189252	0.0299127704113899	0.469913121602807	0.0101755430711976	0.748611140304379	0.536036825926733	0.659982790471595	0	12936	4	Onychostruthus_taczanowskii	0.00492991958217504	-0.00605130028611101	-0.007970726421199	-0.00515997805474699
Numida_meleagris	0.0318	0.0209299999999999	0.02339	0.00695999999999997	0.749164191928883	0.00014387597992505	0	0.595737746287156	0.0280293425122915	0.46787244362796	0.0100549620371653	0.649709620024152	0.506818101062536	0.734570280908652	0	14302	3	Numida_meleagris	NA	NA	NA	NA
Papilio_machaon	0.09304	0.0842999999999999	0.09388	0.06994	0.840878637395041	0.00000343330618065664	0	0.472791342171041	0.0245819709867948	0.307612681499082	0.00198407190965943	0.517833530375691	0.293787294515666	0.206694850697304	0	12099	2	Papilio_machaon	0.020796190224663	0.0494505417338501	0.056284495552985	0.046551124590547
Mustela_putorius	0.06191	0.04532	0.04814	0.04123	0.694802076979448	0.000674154763900572	0	0.607065165793315	0.0269449464637154	0.466375642698136	0.00860210767532618	0.69767499238029	0.531466039298665	0.717426278178016	0	9250	4	Mustela_putorius	0.00570385789801908	-0.0268379104890261	-0.031554875557911	-0.015006373554788
Lates_calcarifer	0.0468800000000001	0.04254	0.02578	0.05292	0.788563052426924	0.0000361575447948441	0	0.617917627894686	0.00826525923706648	0.383176035753147	0.000952918121262472	0.641276682723803	0.385869733813497	0.211717398623495	0	22799	4	Lates_calcarifer	0.019326625937986	0.0216966712610499	0.014568653169038	0.0313625641237301
Takifugu_flavidus	0.03127	0.0163600000000001	0.00739999999999996	0.02292	0.500002274971222	0.0247687984633321	0	0.656582323822533	0.00824455767812831	0.43309633026285	0.00310734240444673	0.646334696851944	0.423319927064352	0.375279843991989	0	19129	3	Takifugu_flavidus	0.049221053019968	0.029440099377139	0.033029150578256	0.012963913376611
Tursiops_truncatus	0.000699999999999978	-0.02867	-0.00189999999999996	-0.0439200000000001	0.536145186331346	0.0148172595673171	0	0.621307267962095	0.0279161941372748	0.465819079882999	0.00802394297586356	0.638411715771227	0.485448574524035	0.659008108846966	0	15647	4	Tursiops_truncatus	0.013967999670835	-0.0230572505326799	-0.030458717879872	-0.01290255932203
Elysia_chlorotica	0.03487	-0.01434	-0.01384	-0.02172	0.747930986748437	0.000149625953203555	0	0.548358856993776	0.0167025074497581	0.349952720664854	0.00150002121408202	0.535787750405417	0.348185766428528	0.217916177719267	0	14220	3	Elysia_chlorotica	NA	NA	NA	NA
Haliotis_rufescens	0.03067	0.06369	0.05002	0.07632	0.819278037540034	0.00000992948664878353	0	0.545672580504772	0.00723520163851062	0.400806141871218	0.000915126139947456	0.565234112361412	0.393777688887438	0.112316436993679	0	22549	4	Haliotis_rufescens	-0.0188017986774709	0.047452297334506	0.053360349939933	0.052030491613512
Trichuris_suis	0.00559000000000004	0.0192700000000001	0.04091	-0.00150000000000006	0.735416351347586	0.000220041942956598	0	0.489542807251957	0.00299134662407398	0.389389990121169	0.00178731492056296	0.498743451751133	0.387015492967408	0.105635875340753	0.000000000000000000000000000000000000000000000000000000000000000000000000000000000000000000000000000000000000000000000000000000000000000000000000000000000000000000000000000000000000000048338728038458	8762	5	Trichuris_suis	0.00751749355290099	-0.000273853461023044	0.00813350453007	0.000242864625286998
Anolis_carolinensis	0.01093	0.03306	0.0336500000000001	0.02658	0.663400949827779	0.00142896012998261	0	0.5380412253696	0.0223101179944431	0.397638363620754	0.000870344865201542	0.566706861163849	0.396854268991406	0.220204414236086	0	15259	3	Anolis_carolinensis	NA	NA	NA	NA
Gymnogyps_californianus	0.05851	0.0667799999999999	0.0819	0.04248	0.525286758908002	0.017388666717283	0	0.56336726529149	0.0282846579097137	0.451645186993079	0.00959065842263236	0.701900414099547	0.549424944007679	0.761934070483923	0	11942	3	Gymnogyps_californianus	0.015772066743937	-0.038506999192927	-0.03054531977616	-0.027179330648053
Fundulus_heteroclitus	0.02201	0.07002	0.06778	0.0607699999999999	0.646107604924587	0.00208625407142047	0	0.668416878415369	0.0130397040690532	0.395878448498518	0.00133706401235816	0.702975302471159	0.399976385405704	0.129740727255734	0	22241	3	Fundulus_heteroclitus	-0.00985128843430499	0.030319635715305	0.0249482340932951	0.051288832137887
Pteropus_vampyrus	0.00194	0.00120000000000003	-0.01115	0.00849999999999995	0.704820076413118	0.000520197986115469	0	0.603898352513572	0.0267634641434142	0.451942474096938	0.0101465649314594	0.62921071193891	0.472696488212846	0.708213867215774	0	14396	5	Pteropus_vampyrus	-0.0029606636565	-0.00579055443283505	-0.028233766240031	0.007647789083712
Dictyocaulus_viviparus	-0.00102000000000002	0.04555	0.04349	0.01886	0.725698915543609	0.000292685154794927	0	0.352269860899867	0.00191233217640887	0.321726760604233	0.000664405454611359	0.367035953025183	0.319214449229262	0.0178687313271815	0.00000000000000000000000000000000000000000000192382383606166	11179	3	Dictyocaulus_viviparus	0.010651057749439	0.00804052157687501	0.024830282034457	-0.00298488293806098
Oesophagostomum_dentatum	0.02779	0.0397999999999999	0.06001	0.0154900000000001	0.75741830320609	0.000110044717656998	0	0.476382939281505	0.00501796383967072	0.375971129866088	0.00183861479766589	0.500950588502517	0.377184634872515	0.0341441842673573	0.000000000000000000000000000000000000000000000000000000000000000000000000000000000000000000000000000000000000000000000000328215884112792	15905	3	Oesophagostomum_dentatum	-0.0018644438764	0.00873999112236495	0.01967246371618	0.00572375753268106
Melitaea_cinxia	0.07923	0.10177	0.13668	0.05378	0.830320519974834	0.00000587633650529828	0	0.435101758900083	0.0195697719288473	0.317007594747446	0.00249206823978507	0.483177457527671	0.294434590692863	0.175398314392362	0	10396	3	Melitaea_cinxia	-0.00423145175391398	0.017036951657101	0.041001742742583	-0.0000434285858530448
Clonorchis_sinensis	0.01614	0.03805	0.04742	0.02793	0.541964967216235	0.013570607696038	0	0.469288862178182	0.00155215973349805	0.436463103892166	0.000752601425109288	0.492939920547745	0.423187514575799	0.0323866905705646	0.00000000000000000000000000000000000000000000000000000000000000116613453404919	9610	2	Clonorchis_sinensis	0.000759693593186062	0.00515418111406502	0.00972825105610498	-0.00918917540685599
Acropora_millepora	0.01583	0.00616	0.01178	-0.0151399999999999	0.635816583302243	0.00258556680885908	0	0.419782767202004	0.00243769362392931	0.372068009284216	0.000545330546623958	0.429573369999365	0.367059993843018	0.0831210326823585	0.0000000000000000000000000000000000000000000000000000000000000000000000000000000000000000000000000000000000000000000000000000000000000000000000000000000000000000000000000000000000000000000000000000000000000000000000000000000000000000000000000000000000000000000000000000000000000000000000000000000000000000093091256990863	19352	3	Acropora_millepora	-0.003635389313347	-0.023464185545862	-0.00778497631518099	-0.013056781629863
Drosophila_mauritiana	0.12213	0.0983599999999999	0.0882600000000001	0.11012	0.87104468716706	0.000000581125303295246	0	0.66806471331547	0.0106988324413153	0.369296556990267	0.00436140852966025	0.731124066175594	0.395173327832636	0.186835574880816	0	11299	3	Drosophila_mauritiana	0.0518617191096611	0.042974737169734	0.057086402368025	0.048066171800235
Drosophila_sechellia	0.14908	0.134	0.11901	0.14763	0.850242496932508	0.00000206202854826117	0	0.663987095989613	0.0107835112272061	0.366589633872298	0.00442120000433128	0.756807514776572	0.397681559189742	0.190169140067189	0	11367	3	Drosophila_sechellia	0.03820512134441	0.041613987187375	0.054311910810126	0.047685410693429
Drosophila_simulans	0.1374	0.12225	0.11295	0.13017	0.849607179038916	0.00000213688974612948	0	0.667998946525118	0.0107756459115272	0.368682910235598	0.00446480261858668	0.751742816127771	0.394521744670236	0.195183618621389	0	10660	3	Drosophila_simulans	NA	NA	NA	NA
Drosophila_erecta	0.06853	0.04903	0.06491	0.0271199999999999	0.815582088796463	0.0000117437206317967	0	0.674742747864441	0.0103781421374888	0.378019127773364	0.00400958825095591	0.695156327297196	0.390590422046061	0.210234325220952	0	9762	4	Drosophila_erecta	0.053564114553047	0.0398755406631099	0.045404570978589	0.049873686043699
Acanthocheilonema_viteae	-0.00280000000000002	0.02371	0.03384	-0.02296	0.694755285409683	0.000674955589638169	0	0.313183297043611	0.00222890681541733	0.270703514426209	0.00136450260851743	0.339218068926227	0.283782961939495	0.332967983693241	0	8412	1	Acanthocheilonema_viteae	0.013335212832445	-0.00644138363727104	-0.000382731928093016	-0.00905582572552399
Varroa_destructor	0.03239	0.01419	0.07213	-0.06284	0.797741527626578	0.0000251432939091761	0	0.495403968501006	0.00277404175112209	0.371544923706334	0.00109125954284902	0.538367391215087	0.368711813231428	0.185659306244041	0	9460	3	Varroa_destructor	0.026325440910422	-0.00111305435581999	0.020720395978639	-0.017892104652103
Loa_loa	0.00159999999999999	0.03055	0.0393500000000001	-0.01623	0.685464447230919	0.000850805990581939	0	0.332381765467923	0.00321758313163189	0.294877685369131	0.00166235369620012	0.368826184656719	0.316634147160076	0.489063684609768	0	8511	3	Loa_loa	-0.00936607946896406	-0.019770098113391	-0.00667497177766702	-0.00395113583401507
Steinernema_carpocapsae	0.05036	0.07655	0.12106	0.05389	0.811747908518527	0.0000139232609227453	0	0.629340191190665	0.00895383670276087	0.383479686407504	0.0034616557522537	0.70145537144338	0.392589850776523	0.124708785964834	0	18172	5	Steinernema_carpocapsae	0.031594212769391	0.043180798660016	0.054166207514859	0.039796123102387
Penaeus_chinensis	0.04473	0.03277	-0.00325000000000003	0.04667	0.783133418236798	0.0000444623564455567	0	0.581187365246009	0.0233998926900408	0.359327901726645	0.00352178895720438	0.60241090036071	0.365648963920315	0.158925131094312	0	12851	5	Penaeus_chinensis	0.015812987620073	0.014006567387142	0.022473735884128	0.0135576786728291
