species	delta_TriQuaSexv1	rho_aa_fpkmv1	nb_genesv1	pval_aa_fpkmv1	nb_aav1	nb_scuv1
Microtus_ochrogaster	0.02301	0.789851862404547	12511	0.0000205737160790151	9	15
Lonchura_striata	0.02323	0.826596171569636	7441	0.00000386428067141118	9	17
Cyprinus_carpio	0.00112	0.769330896650479	16977	0.0000457080565064737	9	12
Callithrix_jacchus	0.01949	0.787112043977113	12079	0.0000230005672413484	9	14
Panthera_tigris	0.01638	0.608163889926768	9004	0.00344460034454469	9	17
Monodelphis_domestica	0.03121	0.6406512534228	11507	0.00175467667669247	9	20
Heterocephalus_glaber	0.01305	0.651219612707794	10380	0.00138578721178642	9	13
Macaca_mulatta	0.02075	0.82069851713731	12074	0.00000518116402643477	9	15
Ornithorhynchus_anatinus	0.00146	0.842379340899993	9794	0.00000166590071798346	9	10
Erinaceus_europaeus	0.0191	0.666886615058285	9728	0.00096053874445144	9	20
Felis_catus	0.01903	0.806630217636491	10008	0.0000100138381875296	9	16
Oryctolagus_cuniculus	0.01837	0.828889021996205	10751	0.000003437766729854	9	18
Rattus_norvegicus	0.01012	0.681626917347304	11406	0.000667147007979981	9	18
Mus_musculus	0.02421	0.6762250858199	11407	0.000764254982825983	9	14
Bos_taurus	0.002	0.40675772069527	10796	0.0672630320932091	9	13
Crocodylus_porosus	0.00061	0.422982268406656	9329	0.0560758549159845	9	13
Gallus_gallus	0.02338	0.734309913821666	11404	0.00015064677335482	9	14
Loxodonta_africana	0.00185	0.722312477199287	9508	0.000217572233963029	9	13
Cervus_elaphus	0.00389	0.142253986067126	7496	0.538479704745026	9	12
Sus_scrofa	0.02676	0.848976985341248	9751	0.00000114027848778707	9	18
Canis_lupus	0.02611	0.770082318835122	11825	0.0000444547671798541	9	15
Danio_rerio	-0.00066	0.746753246753247	9420	0.000100773377101349	9	9
Xenopus_tropicalis	0.00457	0.795712935763603	10037	0.0000161183217325761	9	15
Xenopus_laevis	0.0179	0.776623376623377	14357	0.000034745489387727	9	15
Callorhinchus_milii	0.00235	0.771929987517541	9406	0.000041499093141857	9	11
Homo_sapiens	0.01454	0.573099536187266	11934	0.00661308624802263	9	16
Equus_caballus	0.03422	0.748375145110568	11588	0.000095469096134195	9	15
Blattella_germanica	-0.00412	0.73129612301706	7920	0.000165514804477118	9	10
Cryptotermes_secundus	0.00618	0.825254337613092	9613	0.00000413481209460286	9	16
Zootermopsis_nevadensis	-0.00068	0.803272262338896	9430	0.0000116286271625665	8	11
Acyrthosiphon_pisum	0.00896	0.685956366717332	9859	0.000597099293212049	9	14
Cimex_lectularius	0.01774	0.416368972917934	8474	0.0604497518256557	9	15
Halyomorpha_halys	0.04056	0.802475235234181	10804	0.0000120437013292543	9	16
Athalia_rosae	0.05978	0.792838082314854	8748	0.0000181855052551461	9	20
Cephus_cinctus	0.06091	0.737513292690319	9020	0.000136119557493772	9	17
Orussus_abietinus	0.02375	0.753610868019063	8323	0.0000799576178585823	9	24
Nasonia_vitripennis	0.04892	0.878544964564088	8819	0.000000162333927379477	9	19
Trichogramma_pretiosum	0.04676	0.731187492387307	9869	0.000166073496893877	9	16
Harpegnathos_saltator	0.02664	0.808473344414736	8785	0.00000921367007442806	9	18
Linepithema_humile	0.02866	0.693509978812265	9038	0.000489851996633285	9	17
Camponotus_floridanus	0.0318	0.81732685732241	7769	0.000006098177240438	9	12
Pogonomyrmex_barbatus	0.04596	0.775538237220939	8369	0.0000362154975874498	8	15
Polistes_canadensis	0.02269	0.764120080583954	7974	0.0000552741174745061	9	18
Polistes_dominula	0.01501	0.765627717854932	8288	0.0000523428237292392	9	19
Solenopsis_invicta	0.03415	0.742674949744399	8831	0.000115250136000732	9	17
Acromyrmex_echinatior	0.03388	0.656021543646032	8328	0.00124122834374639	9	18
Atta_cephalotes	0.01417	0.728733158821734	1226	0.000179136534694815	8	17
Dufourea_novaeangliae	0.02098	0.759861511696613	7772	0.0000643358131093514	9	21
Megachile_rotundata	0.02749	0.857624224157807	7950	0.000000674726360462498	9	22
Habropoda_laboriosa	0.02294	0.635516773488466	7436	0.00196181108974433	8	17
Eufriesea_mexicana	0.03349	0.739949048241576	8040	0.000125897754623561	9	17
Apis_mellifera	0.03179	0.692059638335543	8299	0.00050905940543891	9	17
Apis_florea	0.02455	0.662976944383687	8135	0.00105458452849115	9	16
Apis_cerana	0.01131	0.740069072727752	7694	0.000125411674614227	9	18
Melipona_quadrifasciata	0.021	0.68404178681888	8002	0.000627260751135693	9	20
Bombus_terrestris	0.03847	0.721167696664381	8335	0.00022512133464677	9	22
Onthophagus_taurus	0.01124	0.779077487401963	8898	0.0000316107729908678	9	17
Tribolium_castaneum	0.03268	0.707684691317719	9021	0.000332440441074588	9	16
Dendroctonus_ponderosae	0.05034	0.555645407492178	7427	0.00891824394195224	9	18
Anoplophora_glabripennis	0.01056	0.804680265458481	7904	0.0000109258140469437	9	13
Leptinotarsa_decemlineata	0.03103	0.760016288840838	8948	0.0000639852412865648	9	19
Plutella_xylostella	0.04404	0.839129420603311	9364	0.00000199543900773434	9	15
Bombyx_mori	0.02364	0.742931779821522	7163	0.000114288262460094	9	23
Danaus_plexippus	0.06163	0.819896662019484	10825	0.00000538752975205074	9	18
Aedes_aegypti	0.0506	0.811302413688768	9264	0.00000809405519559727	9	12
Culex_quinquefasciatus	0.06312	0.813251098429413	4789	0.00000739380220286534	8	14
Anopheles_gambiae	0.06098	0.737392085580152	8352	0.000136646372492755	9	15
Drosophila_grimshawi	0.04491	0.816675600862392	7629	0.00000629079547859778	9	16
Drosophila_pseudoobscura	0.07112	0.86504179396175	9318	0.000000418338035368004	9	17
Drosophila_melanogaster	0.06167	0.872683656423927	9026	0.000000248048001873236	9	18
Drosophila_suzukii	0.0459	0.779780953285931	9173	0.0000307588493582004	9	16
Ceratitis_capitata	0.07965	0.857328974264731	8094	0.000000687306340276812	9	16
Lucilia_cuprina	0.06532	0.894242476246363	9445	0.0000000464453725033013	9	15
Musca_domestica	0.12392	0.852501804396476	8793	0.000000924384487576445	9	17
Enhydra_lutris	0.02319	0.657125519792909	11312	0.00120986302491702	9	18
Carassius_auratus	0.0003	0.765432260349885	18178	0.0000527150769265628	9	12
Motacilla_alba	0.02648	0.583637456822266	9646	0.00547703487411831	9	17
Patagioenas_fasciata	0.02712	0.861435844091858	10666	0.000000529578782006921	9	17
Terrapene_carolina	-0.01027	0.734445903672456	10727	0.000150003968493381	9	10
Osmia_bicornis	0.0266	0.700826026017389	8151	0.000402115577464761	9	24
Neophocaena_asiaeorientalis	-0.0018	0.681611579887122	9402	0.000667407078761358	9	15
Ovis_aries	0.01598	0.350991392041664	11035	0.118743821136879	9	11
Lamprotornis_superbus	0.01969	0.71364083840726	4386	0.000280593870785817	9	18
Nematolebias_whitei	0.02032	0.840805895494696	9612	0.00000181893388686479	9	17
Tetranychus_urticae	0.00209	0.660802714174181	8917	0.00111018164231965	9	20
Ixodes_scapularis	-0.00442	0.605588172025546	8442	0.00362278878619413	9	11
Centruroides_sculpturatus	-0.01918	0.506658032567845	11876	0.019083542629672	9	11
Eurytemora_affinis	-0.02989	0.418242427075035	14951	0.0591851972754354	9	16
Tyto_alba	0.02465	0.716955214926247	10698	0.000254871303602132	8	15
Anser_cygnoides	0.02199	0.603398332291331	8693	0.00378026516224073	9	20
Seriola_lalandi	0.019	0.746346255667249	8623	0.000102143685604877	9	13
Balaenoptera_acutorostrata	-0.017	0.641534266565041	9426	0.00172098236595258	9	17
Podarcis_muralis	-0.0114	0.680785370599033	12688	0.000681544967738009	9	12
Anas_platyrhynchos	0.03112	0.74642455828578	10133	0.000101878803095188	9	16
Odocoileus_virginianus	0.00373	0.439103628225466	10868	0.0464271756026467	9	12
Diabrotica_virgifera	0.02216	0.560468614322598	7883	0.00822390322518329	9	13
Trachemys_scripta	0.01107	0.670569992161326	1909	0.000878545131267538	9	13
Glossina_fuscipes	0.05624	0.701403207439231	8118	0.000395806798579477	8	17
Ceratosolen_solmsi	0.01142	0.613488734498499	7207	0.00309933269700438	8	16
Bombus_vancouverensis	0.01971	0.802872540660573	7920	0.000011835205275974	9	24
Peromyscus_maniculatus	0.01931	0.678623183190582	8943	0.000719756452015655	9	16
Equus_asinus	0.02944	0.703778428072175	11578	0.00037072807988031	9	16
Gorilla_gorilla	0.0024	0.77083594712068	11242	0.0000432278602306117	9	14
Vicugna_pacos	0.00704	0.649122944048842	11758	0.00145322858743275	9	11
Pan_troglodytes	0.00968	0.655824281139854	10212	0.00124690463589103	9	17
Struthio_camelus	0.02219	0.755075097582958	9467	0.000076031039159187	9	19
Vespula_vulgaris	0.01263	0.579807636203961	7973	0.0058695753923307	9	23
Vespula_pensylvanica	0.02699	0.695472742903243	7221	0.000464846403405563	9	17
Arvicola_amphibius	0.0251	0.708524446588592	10399	0.000324667795851103	9	15
Clarias_magur	0.0142	0.4	1839	0.0723900257722548	9	13
Chelonus_insularis	0.02944	0.744544879578739	8436	0.000108403892068598	9	18
Exaiptasia_diaphana	0.00223	0.591870701131724	2889	0.00470633900804332	9	11
Branchiostoma_floridae	0.03945	0.861982089516707	8467	0.000000511213086874319	9	16
Cloeon_dipterum	0.06271	0.852585535464615	9271	0.000000919726879205174	9	19
Gymnodraco_acuticeps	0.02762	0.633972102290022	12498	0.0020280097738861	9	14
Pseudochaenichthys_georgianus	0.02459	0.737662337662338	10793	0.000135474149812154	9	12
Molothrus_ater	0.02857	0.767233495025811	11041	0.0000493698855750666	9	17
Zerene_cesonia	0.0365	0.855936090867416	4916	0.000000749480677729075	9	17
Osmia_lignaria	0.05108	0.73252386208776	8043	0.000159312144391761	9	21
Bombus_vosnesenskii	0.02372	0.774161991250454	7468	0.0000381573515680911	9	22
Bombus_bifarius	0.02234	0.806394695107349	8246	0.0000101203352478128	9	24
Pollicipes_pollicipes	0.02184	0.749025340718831	10205	0.0000934114640581122	9	16
Dissostichus_mawsoni	-0.00487	0.607792207792208	9564	0.00346985239022312	9	13
Arvicanthis_niloticus	0.0192	0.661033788345134	12695	0.00110415737113401	9	17
Anneissia_japonica	0.00188	0.617933853644092	11293	0.00283371922237357	9	13
Oxyura_jamaicensis	0.01879	0.807558010422142	10445	0.00000960377598304567	9	16
Ignelater_luminosus	0.02374	0.669269177433565	10909	0.000906794666217129	9	15
Belonocnema_treatae	0.00957	0.771087648661142	7879	0.000042824690904715	9	15
Stegodyphus_dumicola	0.00604	0.623376623376623	9641	0.00253469269256161	8	9
Odontomachus_brunneus	0.03193	0.785653780549172	8566	0.0000243910662037459	9	13
Chiroxiphia_lanceolata	NA	0.715518843860723	2625	0.00026575863497623	9	17
Cyclopterus_lumpus	0.01455	0.62747648648787	11920	0.00232732807749959	8	12
Notolabrus_celidotus	0.01543	0.643924762314717	10386	0.00163248937037008	9	14
Pecten_maximus	0.01389	0.759584305898995	10015	0.0000649678465310118	9	16
Photinus_pyralis	0.03381	0.725854618091213	8506	0.000195575807902661	9	17
Actinia_tenebrosa	0.00869	0.795189228905495	7965	0.000016478859316608	9	13
Camarhynchus_parvulus	0.03641	0.813475324794672	9873	0.00000731673128780697	9	19
Asterias_rubens	0.02802	0.682277324711185	10762	0.000656197475008666	9	14
Gopherus_evgoodei	-0.00123	0.730107216161869	9549	0.000171718392446002	9	10
Archocentrus_centrarchus	-0.00269	0.702018253323316	13470	0.000389177549417542	9	16
Dermochelys_coriacea	0.03274	0.752031556652232	9546	0.0000843883019151382	9	15
Thrips_palmi	0.01403	0.665583571037769	10505	0.000991058324075821	9	13
Nylanderia_fulva	0.02516	0.754489986081968	8595	0.0000775796176317622	9	14
Varanus_komodoensis	0.02193	0.750570097918691	7805	0.0000886759364246135	9	16
Anarrhichthys_ocellatus	0.00097	0.717216309187403	12596	0.000252933986172157	9	13
Cottoperca_gobio	0.02451	0.596103896103896	5981	0.00434655442903271	9	14
Phyllostomus_discolor	NA	0.619663478110208	740	0.00273565266666145	9	16
Onychomys_torridus	0.02053	0.638726580580592	12549	0.00183004907210774	9	12
Suricata_suricatta	0.01679	0.664065918522516	9718	0.00102763761284003	9	17
Strigops_habroptila	0.03177	0.731470059295733	1465	0.000164623613048884	9	19
Drosophila_guanche	0.06396	0.886360042084302	9701	0.0000000890703621066427	9	16
Anabarilius_grahami	-0.00573	0.632326732553044	5881	0.0021005802196627	8	16
Marmota_flaviventris	0.01037	0.578400581283066	9163	0.00601950882427876	9	9
Erythrura_gouldiae	0.01696	0.605497072196715	9971	0.00362922912960182	9	16
Electrophorus_electricus	0.00492	0.419480519480519	12481	0.0583606291344633	9	14
Apteryx_rowi	0.00752	0.802872540660573	6091	0.000011835205275974	9	16
Ceratotherium_simum	0.01711	0.655183931811106	10032	0.00126548250835606	9	20
Micropterus_salmoides	0.02121	0.833229176072883	14026	0.00000274204675107372	9	14
Drosophila_subpulchrella	0.06636	0.876463679938355	9605	0.000000189167977725459	9	20
Molossus_molossus	0.01174	0.652558972937892	5227	0.00134410527552041	8	17
Pipistrellus_kuhlii	0.00952	0.669929360226517	11187	0.000892362730065161	9	19
Arctia_plantaginis	0.04352	0.860028957893934	7820	0.000000579582412381928	9	15
Contarinia_nasturtii	0.08035	0.814161233121637	10662	0.00000708531428184591	9	19
Talpa_occidentalis	0.03125	0.756670276751637	12144	0.0000719442795452954	9	15
Grammomys_surdaster	0.02874	0.692285616998981	11857	0.000506025066649135	9	18
Pipra_filicauda	0.03251	0.703586794494694	11365	0.000372699669611847	9	16
Nothoprocta_perdicaria	0.02981	0.867926181587862	5834	0.000000344742380960467	9	18
Cyanistes_caeruleus	0.01828	0.613433636294272	9824	0.00310275116425997	9	19
Paramormyrops_kingsleyae	0.00525	0.79400868119705	14000	0.0000173174747608919	9	14
Piliocolobus_tephrosceles	0.01039	0.759831365364269	11113	0.0000644042880918894	9	13
Mastomys_coucha	0.00467	0.618784824488267	11025	0.0027851093657982	9	16
Acanthochromis_polyacanthus	-0.01055	0.551948051948052	14265	0.00948241340899863	9	11
Mus_pahari	0.02751	0.626713422503607	9681	0.00236480496051243	9	16
Miniopterus_natalensis	0.02439	0.603141382728009	11434	0.00379911114270287	9	14
Myotis_myotis	0.01495	0.664932951711241	8447	0.00100660229752565	9	16
Sturnus_vulgaris	0.02508	0.922942139173633	6729	0.00000000257385556961421	9	17
Lynx_pardinus	0.00291	0.209368264397463	9956	0.362374944546113	8	13
Lynx_canadensis	NA	0.690283071015272	1793	0.000533460231161883	9	15
Calidris_pugnax	0.0349	0.63144820071136	8047	0.00214021423187779	9	16
Nicrophorus_vespilloides	0.07601	0.771486990994937	8744	0.0000421917303130397	9	18
Dinoponera_quadriceps	0.01487	0.765977176031637	7797	0.0000516829511040241	9	23
Gekko_japonicus	0.0194	0.658869534800326	11134	0.00116168110344511	9	13
Pantherophis_guttatus	0.02239	0.776805250379385	11776	0.0000345042530044429	9	16
Sinocyclocheilus_rhinocerous	0.00152	0.671646673942503	18414	0.000855731820449656	9	11
Sinocyclocheilus_anshuiensis	-0.00241	0.682689220806161	17217	0.000649342726201994	9	10
Hermetia_illucens	0.06806	0.923529893590676	7232	0.00000000239887962346032	9	18
Scaptodrosophila_lebanonensis	0.07621	0.891570093764445	8998	0.0000000582410590973863	9	17
Caligus_rogercresseyi	-0.01404	0.181641240917795	3167	0.430694452995074	9	15
Zootoca_vivipara	0.01332	0.650407363881015	11453	0.00141159312257822	9	13
Manis_javanica	0.02409	0.62410754548696	11095	0.00249662983639563	9	19
Sander_lucioperca	0.01758	0.787780679915735	11423	0.0000223864283867903	9	12
Colossoma_macropomum	0.00184	0.791815566282312	7881	0.0000189745032269343	9	12
Perca_fluviatilis	0.02569	0.736602831964021	12996	0.000140119984596702	9	14
Periophthalmus_magnuspinnatus	0.06988	0.673814307285935	422	0.00081132609972687	9	15
Ophiophagus_hannah	0.01798	0.703092099771734	7278	0.000377830798901	9	20
Crotalus_tigris	0.01894	0.758031389428316	10024	0.0000686089277632987	9	23
Bothrops_jararaca	-0.02757	0.755210894138504	56	0.0000756754840634292	9	19
Thamnophis_sirtalis	0.00227	0.690892960024294	8187	0.000524973401873598	9	16
Thamnophis_elegans	0.01109	0.687951532394812	9551	0.000566992798366608	9	19
Naja_naja	0.00741	0.701403207439231	9434	0.000395806798579477	9	17
Aquila_chrysaetos	0.0244	0.686179768894471	9836	0.000593661870678833	9	16
Catharus_ustulatus	0.03304	0.580920762335928	11724	0.00575316122060768	9	18
Corvus_cornix	0.027	0.771444817229877	10369	0.0000422581902312423	9	20
Hirundo_rustica	0.03827	0.752641011326272	9050	0.0000826539787818825	9	17
Panthera_leo	0.02083	0.76023407861576	7431	0.0000634947480166472	9	15
Pteropus_giganteus	-0.01485	0.713962151704702	10877	0.00027800642238668	9	14
Myotis_brandtii	0.02268	0.416017035650435	10699	0.0606895800173723	9	18
Phascolarctos_cinereus	0.01749	0.875002967001853	7930	0.00000021026762607546	9	15
Trichechus_manatus	0.00462	0.768281158135642	6390	0.0000475101837803294	9	11
Caenorhabditis_elegans	0.10084	0.846830387773082	11698	0.0000012924478883914	9	16
Meriones_unguiculatus	0.02761	0.703127384197918	10846	0.000377462825783259	9	15
Zonotrichia_albicollis	0.02058	0.824684911066448	6048	0.0000042545383836962	9	18
Bactrocera_oleae	0.06634	0.867360941422674	6706	0.000000358191317472	9	15
Bagarius_yarrelli	0.01679	0.778537614565575	8017	0.0000322784175756079	9	14
Salmo_salar	0.00347	0.828571428571429	22765	0.00000349426535668739	9	12
Acinonyx_jubatus	NA	0.706992804538663	4457	0.000338963722268133	9	19
Neomonachus_schauinslandi	0.02023	0.734721037337048	11709	0.000148710676454459	9	18
Vulpes_lagopus	0.02863	0.757971515404692	11291	0.0000687527796264498	9	15
Halichoerus_grypus	0.02764	0.659083836167125	9229	0.00115587429765281	9	15
Nyctereutes_procyonoides	0.02991	0.762525850690386	12910	0.0000585275458475185	9	16
Vulpes_vulpes	0.0303	0.626992698781298	12331	0.00235103035125488	9	19
Leptonychotes_weddellii	0.00958	0.698993027284275	12335	0.000422724607522127	9	19
Mirounga_leonina	0.02052	0.69123542372246	5428	0.000520258621953811	9	14
Puma_concolor	0.00215	0.674270678057415	2755	0.000802230994687205	9	15
Aphelenchus_avenae	0.03414	0.716515560305687	14941	0.000258162333623943	9	16
Orbicella_faveolata	0.01525	0.710851352141574	4961	0.000303938795226284	9	12
Hydra_vulgaris	0.01585	0.85045585560784	11140	0.00000104483004703404	9	14
Stylophora_pistillata	0.0073	0.605982306900999	13867	0.00359503492240653	9	10
