species	NCBI.taxid	No_AAS_total	No_CDS_total	No_AAS_Busco	No_CDS_Busco	No_AAS_CDS_corresponding	nb_gene_to_study
Acanthisitta_chloris	57068	16077	16089	868	868	756	604
Accipiter_gentilis	8957	44814	44840	957	957	947	719
Aegithalos_caudatus	73327	13259	15004	803	803	803	644
Aegotheles_bennettii	48278	13701	15054	809	809	808	661
Agelaius_phoeniceus	39638	27550	27581	944	944	920	711
Aix_galericulata	8832	13219	16600	827	827	819	646
Alaudala_cheleensis	670337	14297	16068	837	837	837	668
Aleadryas_rufinucha	461220	13899	15340	824	824	822	658
Alectura_lathami	81907	13399	15139	798	798	798	651
Alligator_mississippiensis	8496	42388	42494	968	968	958	721
Alopecoenas_beccarii	262131	14599	16030	862	862	860	671
Amazona_guildingii	175529	14211	15795	860	860	856	685
Anas_platyrhynchos	8839	45225	45273	886	886	860	688
Anhinga_anhinga	56067	13590	15174	800	800	800	643
Anser_cygnoides	8845	31811	31821	857	857	803	651
Anseranas_semipalmata	8851	14223	15749	838	838	836	666
Anthoscopus_minutus	156561	13582	15222	848	848	844	661
Antrostomus_carolinensis	279965	16876	16887	844	844	758	611
Apaloderma_vittatum	57397	15288	15303	822	822	716	585
Aphelocoma_coerulescens	39617	14584	16167	868	868	868	682
Aptenodytes_forsteri	9233	19104	19116	875	875	859	692
Aptenodytes_patagonicus	9234	13942	14992	794	794	794	644
Apteryx_mantelli	2696672	22793	22817	884	884	854	675
Apteryx_rowi	308060	37618	37643	932	932	753	590
Apus_apus	8895	36344	36363	890	890	886	708
Aquila_chrysaetos	8962	52413	52443	932	932	926	720
Aramus_guarauna	54356	14295	15841	849	849	845	669
Ardeotis_kori	89386	13698	15169	826	826	826	666
Arenaria_interpres	54971	13872	15264	821	821	818	648
Asarcornis_scutulata	75869	14721	16361	859	859	859	681
Athalia_rosae	37344	22113	22113	971	971	971	728
Athene_cunicularia	194338	27746	27752	852	852	847	692
Atlantisia_rogersi	2478892	13725	14985	768	768	768	598
Atrichornis_clamosus	449594	14599	16080	870	870	870	680
Aythya_fuligula	219594	27761	27809	917	917	903	711
Balearica_regulorum	925459	16163	16179	848	848	756	611
Bambusicola_thoracicus	9083	17763	17763	791	791	780	615
Baryphthengus_martii	176943	13396	15154	825	825	824	660
Bombycilla_garrulus	125297	13804	15599	821	821	817	659
Brachypodius_atriceps	182895	12867	14275	800	800	800	644
Brachypteracias_leptosomus	135165	13435	14926	840	840	840	664
Bucco_capensis	135168	14416	15880	884	884	884	688
Buceros_rhinoceros	175835	15510	15525	832	832	753	614
Buphagus_erythrorhynchus	245048	11105	12579	746	746	743	586
Burhinus_bistriatus	240201	13982	15874	833	833	833	661
Caenorhabditis_elegans	6239	28350	30301	866	866	866	673
Calcarius_ornatus	198940	13683	15518	819	819	819	653
Calidris_pugnax	198806	30889	30937	907	907	896	707
Callaeas_wilsoni	1347786	14567	16099	865	865	865	679
Callipepla_squamata	9009	17131	17131	859	859	852	677
Caloenas_nicobarica	187106	14071	15520	843	843	843	659
Calonectris_borealis	1323832	14421	15799	859	859	859	663
Calypte_anna	9244	29214	29231	886	886	857	686
Calyptomena_viridis	135972	13242	14872	797	797	797	638
Camarhynchus_parvulus	87175	28897	28914	962	962	926	705
Campylorhamphus_procurvoides	190295	14098	15733	829	829	824	659
Cariama_cristata	54380	16125	16140	863	863	783	629
Catharus_fuscescens	159581	13926	15664	819	819	818	657
Catharus_ustulatus	91951	36071	36231	935	935	922	700
Centrocercus_urophasianus	9002	31539	31548	892	892	881	703
Centropus_bengalensis	1463675	13170	14518	813	813	813	661
Centropus_unirufus	1118519	14022	15345	839	839	839	671
Cephalopterus_ornatus	114276	13914	15494	829	829	829	669
Cepphus_grylle	28697	14764	16242	872	872	872	685
Ceratitis_capitata	7213	22949	22949	970	970	967	727
Cercotrichas_coryphoeus	614051	13559	15241	816	816	816	651
Certhia_brachydactyla	73330	13885	15671	838	838	833	666
Certhia_familiaris	73333	13157	14709	771	771	771	627
Cettia_cetti	68486	14916	16477	879	879	879	687
Ceuthmochares_aereus	1961834	12210	13522	756	756	756	614
Ceyx_cyanopectus	390723	12043	13153	748	748	748	586
Chaetops_frenatus	221966	13233	15034	795	795	794	636
Chaetorhynchus_papuensis	254446	14337	15932	844	844	844	673
Chaetura_pelagica	8897	15932	15944	877	877	817	660
Charadrius_vociferus	50402	16428	16448	881	881	829	674
Chauna_torquata	30388	13482	15083	815	815	812	642
Chionis_minor	227182	14305	15689	851	851	850	679
Chiroxiphia_lanceolata	296741	39412	39421	931	931	894	702
Chlamydotis_macqueenii	187382	15683	15694	835	835	742	607
Chloebia_gouldiae	44316	18989	18989	837	837	836	662
Chloroceryle_aenea	176938	12200	13866	764	764	761	620
Chloropsis_cyanopogon	1218682	12574	14216	764	764	762	610
Chloropsis_hardwickii	667144	13520	15362	803	803	803	648
Chordeiles_acutipennis	118183	14031	15496	835	835	834	664
Chroicocephalus_maculipennis	287016	13945	15490	823	823	823	645
Chunga_burmeisteri	1352770	14415	15895	854	854	854	675
Ciccaba_nigrolineata	1118524	13842	15524	818	818	815	655
Cinclus_mexicanus	161649	13497	15131	823	823	818	642
Circaetus_pectoralis	321084	14150	15855	849	849	849	668
Cisticola_juncidis	52622	13396	15071	811	811	808	650
Climacteris_rufus	47695	14096	15620	839	839	838	665
Cnemophilus_loriae	254448	14124	15866	837	837	830	662
Cochlearius_cochlearius	110676	14064	15455	838	838	838	672
Colius_striatus	57412	15797	15809	849	849	742	611
Columba_livia	8932	32506	32532	899	899	824	650
Columbina_picui	115618	12298	14192	757	757	757	608
Copsychus_sechellarum	797021	14408	16238	877	877	877	680
Corapipo_altera	415028	39226	39239	913	913	900	707
Corvus_brachyrhynchos	85066	29421	29441	885	885	857	685
Corvus_cornix	181096	36899	36913	867	867	818	660
Corvus_hawaiiensis	134902	43147	43185	933	933	921	716
Corvus_kubaryi	68294	41335	41343	861	861	858	687
Corvus_moneduloides	1196302	43047	43081	929	929	918	713
Corythaixoides_concolor	103956	14239	15729	839	839	839	672
Coturnix_japonica	93934	40894	40934	941	941	921	705
Crotophaga_sulcirostris	33598	13871	15262	841	841	841	678
Crypturellus_soui	458187	14176	15595	825	825	825	655
Crypturellus_undulatus	48396	14065	15484	831	831	831	664
Cuculus_canorus	55661	16796	16805	901	901	845	678
Cyanistes_caeruleus	156563	31326	31355	900	900	882	701
Cygnus_atratus	8868	36827	36879	921	921	913	717
Cygnus_olor	8869	47794	47851	921	921	889	697
Daphoenositta_chrysoptera	254528	13879	15545	832	832	828	669
Dasyornis_broadbenti	243059	14397	16095	861	861	859	676
Dicaeum_eximium	667154	13650	15738	827	827	825	660
Dicrurus_megarhynchus	450177	14257	15991	843	843	841	673
Donacobius_atricapilla	237420	13746	15376	814	814	814	656
Dromas_ardeola	458190	13904	15330	825	825	824	661
Drymodes_brunneopygia	626378	13565	15254	812	812	809	654
Dryobates_pubescens	118200	15826	15830	876	876	835	668
Dryoscopus_gambensis	85069	12314	14072	752	752	749	604
Edolisoma_coerulescens	2585810	13682	15773	819	819	816	653
Egretta_garzetta	188379	23679	23693	867	867	817	664
Elachura_formosa	1463973	14015	15613	820	820	820	647
Emberiza_fucata	337179	13208	15183	789	789	789	636
Empidonax_traillii	164674	33999	34029	908	908	897	706
Eolophus_roseicapilla	176039	13336	15243	795	795	795	630
Erpornis_zantholeuca	1112836	13321	15087	813	813	809	641
Erythrocercus_mccallii	107208	14054	15791	841	841	841	667
Eubucco_bourcierii	91767	14172	15602	871	871	871	686
Eudyptes_chrysocome	79626	12871	14218	733	733	733	592
Eudyptes_chrysolophus	79627	15079	16152	751	751	751	606
Eudyptes_filholi	1419345	12955	13993	747	747	747	602
Eudyptes_moseleyi	2495534	15514	16610	880	880	878	685
Eudyptes_schlegeli	57240	15790	16951	883	883	882	685
Eudyptes_sclateri	92688	12811	13831	726	726	726	586
Eudyptula_albosignata	345258	15477	17226	789	789	789	634
Eudyptula_minor	37083	15672	17556	783	783	783	627
Eudyptula_novaehollandiae	2052820	15149	16969	816	816	816	654
Eulacestoma_nigropectus	461239	14313	16059	851	851	850	675
Eurypyga_helias	54383	15656	15669	822	822	719	589
Eurystomus_gularis	325343	13953	15305	817	817	815	650
Falco_biarmicus	345155	41502	41530	900	900	892	700
Falco_cherrug	345164	42962	42980	910	910	906	709
Falco_naumanni	148594	41132	41160	919	919	917	715
Falco_peregrinus	8954	41990	42014	911	911	897	701
Falco_rusticolus	120794	41389	41414	925	925	907	708
Falcunculus_frontatus	254539	14459	16010	848	848	847	669
Ficedula_albicollis	59894	26464	26481	894	894	884	702
Formicarius_rufipectus	1118560	13609	15393	842	842	842	668
Fregata_magnificens	37042	13189	14822	783	783	780	614
Fregetta_grallaria	79628	13517	15459	782	782	782	621
Fulmarus_glacialis	30455	16240	16251	848	848	758	614
Furnarius_figulus	463165	13878	15452	846	846	845	667
Galbula_dea	1109041	14674	16106	888	888	888	695
Gallus_gallus	9031	49673	49772	932	932	797	611
Gavia_stellata	37040	15697	15709	839	839	725	592
Geococcyx_californianus	8947	13481	14734	797	797	797	627
Geospiza_fortis	48883	20619	20627	885	885	838	673
Glareola_pratincola	43316	13787	15334	836	836	836	673
Glaucidium_brasilianum	78217	14195	15602	854	854	854	682
Grallaria_varia	117165	13918	15487	842	842	839	666
Grantiella_picta	266360	14078	15742	857	857	857	675
Grus_americana	9117	49146	49200	955	955	952	721
Gymnogyps_californianus	33616	25288	25333	883	883	843	675
Gymnorhina_tibicen	9132	14317	16013	838	838	832	666
Halcyon_senegalensis	342381	14274	15694	852	852	852	681
Haliaeetus_albicilla	8969	19224	19236	849	849	756	611
Haliaeetus_leucocephalus	52644	25265	25280	932	932	920	717
Haliotis_rufescens	6454	55609	55609	957	957	957	716
Harpia_harpyja	202280	44808	44852	937	937	921	714
Heliornis_fulica	54369	13543	14993	814	814	810	654
Herpetotheres_cachinnans	56343	14335	15806	862	862	862	685
Hippolais_icterina	68497	13649	15369	811	811	808	652
Hirundo_rustica	43150	37939	37958	914	914	899	713
Hylia_prasina	208073	13461	15213	799	799	797	641
Hypocryptadius_cinnamomeus	589841	12390	13837	770	770	768	604
Ibidorhyncha_struthersii	425643	13853	15486	824	824	822	658
Ifrita_kowaldi	461245	14022	15552	836	836	835	667
Illadopsis_cleaveri	201329	13414	15145	817	817	811	654
Indicator_indicator	1002788	20192	20199	894	894	886	703
Indicator_maculatus	545262	13966	15390	862	862	861	679
Irena_cyanogastra	175120	14236	16049	838	838	835	664
Jacana_jacana	54508	13240	14651	797	797	792	636
Lagopus_leucura	30410	33183	33208	914	914	895	702
Lagopus_muta	64668	43798	43848	914	914	898	713
Lamprotornis_superbus	245042	14256	14846	836	836	831	679
Lanius_ludovicianus	28713	13688	15437	825	825	821	657
Larus_smithsonianus	243888	14080	15341	827	827	827	640
Leiothrix_lutea	36275	13282	15309	786	786	786	625
Lepidothrix_coronata	321398	36671	36686	912	912	899	715
Leptocoma_aspasia	2585812	13732	15795	829	829	828	664
Leptosomus_discolor	188344	16371	16384	848	848	758	617
Locustella_ochotensis	187437	13928	15665	831	831	831	662
Lonchura_striata	40157	29134	29150	944	944	922	709
Lophotis_ruficrista	172689	13916	15292	829	829	829	667
Loxia_curvirostra	64802	14578	16361	866	866	861	678
Loxia_leucoptera	96539	13993	15803	827	827	818	656
Machaerirhynchus_nigripectus	1160894	13969	15706	818	818	816	654
Malurus_elegans	720584	14038	15586	849	849	848	673
Manacus_candei	415023	44973	45016	939	939	926	719
Manacus_vitellinus	328815	24616	24624	868	868	823	663
Megadyptes_antipodes	37085	14596	16328	816	816	816	658
Melanocharis_versteri	254552	13985	15648	832	832	822	655
Meleagris_gallopavo	9103	29660	29710	906	906	871	686
Melopsittacus_undulatus	13146	29165	29187	945	945	939	706
Melospiza_melodia	44397	14000	16856	806	806	806	640
Melozone_crissalis	40204	27114	27338	930	930	916	719
Menura_novaehollandiae	47692	14444	16027	845	845	845	671
Mesembrinibis_cayennensis	1118748	13877	15762	827	827	825	653
Mesitornis_unicolor	54374	16646	16661	861	861	773	625
Mionectes_macconnelli	254557	14186	15664	849	849	849	676
Mohoua_ochrocephala	874463	13579	15105	799	799	799	643
Molothrus_ater	84834	28498	28503	926	926	894	697
Motacilla_alba	45807	42246	42301	894	894	883	699
Myiagra_hebetior	381031	13909	15674	828	828	823	661
Myiozetetes_cayanensis	478635	35678	35689	957	957	915	708
Neopelma_chrysocephalum	114329	39443	39483	920	920	896	705
Neopipo_cinnamomea	456388	14004	15594	849	849	849	666
Nesospiza_acunhae	381881	14089	16451	836	836	833	650
Nestor_notabilis	176057	15873	15886	844	844	760	625
Nicator_chloris	237433	13597	15134	820	820	819	642
Nipponia_nippon	128390	17089	17103	902	902	850	672
Nothocercus_julius	2585813	13366	14778	820	820	819	653
Nothocercus_nigrocapillus	1977171	13113	14502	804	804	804	647
Nothoprocta_ornata	83376	13727	14967	846	846	846	674
Nothoprocta_pentlandii	2585814	13407	14572	817	817	817	656
Notiomystis_cincta	366454	13651	15126	828	828	827	663
Numida_meleagris	8996	43240	43271	926	926	889	708
Nyctibius_bracteatus	48426	13957	15627	820	820	820	654
Nycticryphes_semicollaris	227226	14324	15825	853	853	853	678
Nyctiprogne_leucopyga	382315	13386	14986	789	789	789	625
Oceanites_oceanicus	79653	14222	15848	832	832	832	658
Oceanodroma_tethys	79633	14013	15643	825	825	816	654
Odontophorus_gujanensis	886794	13830	15407	845	845	844	674
Oenanthe_oenanthe	279966	13570	15622	818	818	817	657
Onychorhynchus_coronatus	360224	14358	15806	852	852	852	668
Onychostruthus_taczanowskii	356909	32357	32382	944	944	923	714
Opisthocomus_hoazin	30419	14878	14891	828	828	767	629
Oreocharis_arfaki	979223	13998	15477	843	843	841	669
Oreotrochilus_melanogaster	689266	12134	13547	764	764	761	632
Origma_solitaria	720586	14477	16053	853	853	851	672
Oriolus_oriolus	181099	13936	15592	815	815	815	656
Orthonyx_spaldingii	38397	14292	15842	863	863	862	682
Oxyruncus_cristatus	114331	14046	15543	851	851	850	679
Oxyura_jamaicensis	8884	39795	39815	899	899	889	705
Pachycephala_philippinensis	449367	13335	15252	812	812	809	649
Pachyramphus_minor	369605	13741	15567	838	838	836	666
Panurus_biarmicus	181101	12822	14599	794	794	794	628
Pardalotus_punctatus	254575	13671	15208	823	823	823	659
Parus_major	9157	38619	38630	909	909	902	716
Passer_montanus	9160	39149	39184	944	944	915	703
Passerina_amoena	142471	12985	15090	744	744	744	607
Patagioenas_fasciata	372321	24805	24805	907	907	903	708
Pedionomus_torquatus	227192	13321	14803	807	807	806	654
Pelecanoides_urinatrix	37079	14766	16294	860	860	860	678
Pelecanus_crispus	36300	16298	16312	851	851	765	629
Penelope_pileata	1118817	13955	15603	838	838	833	672
Peucedramus_taeniatus	135441	13677	15371	802	802	799	639
Phaethon_lepturus	97097	16216	16226	872	872	803	644
Phaetusa_simplex	297813	13260	14985	814	814	812	646
Phainopepla_nitens	161653	13545	15189	810	810	810	650
Phasianus_colchicus	9054	29007	29046	944	944	928	712
Pheucticus_melanocephalus	371919	12796	15291	765	765	765	612
Piaya_cayana	33601	14022	15360	835	835	832	660
Picathartes_gymnocephalus	175131	13533	15038	825	825	825	651
Pipra_filicauda	649802	35857	35876	914	914	906	714
Piprites_chloris	114369	14148	15627	836	836	836	668
Pitangus_sulphuratus	371930	17493	17493	758	758	749	610
Pitta_sordida	9163	13881	15488	827	827	820	658
Platysteira_castanea	1160851	14025	15818	834	834	834	666
Ploceus_nigricollis	441696	13528	15285	791	791	785	640
Pluvianellus_socialis	227228	14317	15695	846	846	844	671
Podilymbus_podiceps	9252	14202	15688	856	856	856	682
Polioptila_caerulea	66707	13551	15263	818	818	815	657
Pomatorhinus_ruficollis	932028	12971	14693	798	798	798	629
Pomatostomus_ruficeps	9176	13299	14825	804	804	796	628
Probosciger_aterrimus	141839	14014	15658	842	842	842	663
Promerops_cafer	254652	14105	15664	835	835	834	672
Prunella_fulvescens	670355	13371	15011	813	813	810	647
Prunella_himalayana	670356	13898	15589	821	821	821	659
Pseudopodoces_humilis	181119	27572	27583	967	967	955	726
Psilopogon_haemacephalus	2585815	13550	15382	859	859	858	683
Psophia_crepitans	54359	13863	15289	817	817	817	660
Pterocles_burchelli	2585816	13870	15378	841	841	841	673
Pterocles_gutturalis	240206	15872	15891	845	845	749	606
Ptilonorhynchus_violaceus	28724	13930	15687	826	826	826	658
Ptilorrhoa_leucosticta	449384	13511	15238	815	815	815	647
Pycnonotus_jocosus	182897	13900	15553	820	820	816	651
Pygoscelis_adeliae	9238	16927	16934	840	840	784	640
Pygoscelis_antarcticus	79643	14226	15293	797	797	797	645
Pygoscelis_papua	30457	14896	16513	811	811	811	647
Pyrgilauda_ruficollis	221976	32632	32674	940	940	925	718
Quiscalus_mexicanus	64278	13606	15214	818	818	815	655
Ramphastos_sulfuratus	322582	14059	15325	863	863	861	677
Regulus_satrapa	13245	12999	14668	789	789	787	637
Rhabdornis_inornatus	237438	14377	16122	858	858	852	669
Rhadina_sibilatrix	2585818	13641	15289	818	818	817	657
Rhagologus_leucostigma	156170	14230	15977	847	847	841	669
Rhinopomastus_cyanomelas	113115	14811	16265	909	909	908	698
Rhinoptilus_africanus	240209	13689	15206	835	835	835	668
Rhipidura_dahli	667186	14178	15777	850	850	848	675
Rhodinocichla_rosea	58203	14122	16009	834	834	834	662
Rissa_tridactyla	75485	14776	16143	879	879	879	690
Rostratula_benghalensis	118793	14222	15696	843	843	843	675
Rynchops_niger	227184	14332	15911	845	845	843	671
Sagittarius_serpentarius	56258	12828	14359	749	749	746	590
Sakesphorus_luctuosus	419690	14142	15814	833	833	827	660
Sander_lucioperca	283035	56557	56899	930	930	928	718
Sapayoa_aenigma	239371	13868	15342	843	843	843	666
Sclerurus_mexicanus	265632	14042	15594	850	850	844	674
Scopus_umbretta	33581	12285	13524	753	753	752	597
Scytalopus_superciliaris	312124	13855	15352	813	813	807	649
Serilophus_lunatus	239386	14124	15625	834	834	826	662
Serinus_canaria	9135	36092	36106	911	911	900	719
Sinosuthora_webbiana	337173	14265	16033	848	848	846	671
Sitta_europaea	50251	13557	15260	814	814	812	658
Smithornis_capensis	363769	13856	15437	829	829	829	661
Spheniscus_demersus	92683	14240	15881	814	814	814	653
Spheniscus_magellanicus	37081	15289	16569	861	861	860	679
Spizaetus_tyrannus	252798	14362	15926	853	853	853	674
Steatornis_caripensis	48435	14562	16035	860	860	859	681
Stercorarius_parasiticus	54059	13876	15710	834	834	831	663
Sterrhoptilus_dennistouni	2585820	13251	15328	816	816	815	651
Strigops_habroptila	2489341	43613	43644	935	935	926	714
Struthidea_cinerea	181839	14144	15788	839	839	838	670
Struthio_camelus	8801	25438	25453	879	879	841	678
Sturnus_vulgaris	9172	26611	26619	935	935	921	718
Sula_dactylatra	56068	12967	14518	757	757	755	591
Sylvietta_virens	208069	13783	15515	839	839	838	663
Syrrhaptes_paradoxus	302527	13541	14915	813	813	813	630
Tachuris_rubrigastra	495162	14339	15801	866	866	866	681
Taeniopygia_guttata	59729	41214	41237	956	956	897	681
Tauraco_erythrolophus	121530	16054	16071	842	842	739	597
Thinocorus_orbignyianus	161742	14061	15558	843	843	838	667
Thryothorus_ludovicianus	74200	13691	15419	829	829	825	664
Tinamus_guttatus	94827	17873	17892	856	856	805	649
Toxostoma_redivivum	99882	14163	15934	861	861	853	680
Tribolium_castaneum	7070	22610	22610	961	961	955	715
Tricholaema_leucomelas	240729	14343	15652	870	870	870	683
Trogon_melanurus	56311	14150	15508	836	836	836	673
Turdus_rufiventris	311356	18334	18334	862	862	860	685
Turnix_velox	2529409	13135	14264	803	803	803	640
Tympanuchus_pallidicinctus	109042	41567	41586	905	905	897	713
Tyrannus_savana	137541	13574	15454	810	810	810	649
Tyto_alba	56313	32967	32983	921	921	857	681
Upupa_epops	57439	13744	15122	848	848	846	676
Uria_aalge	13746	14166	15596	857	857	857	677
Urocolius_indicus	458196	14081	15344	840	840	838	667
Urocynchramus_pylzowi	571890	13710	15394	817	817	815	652
Ursus_arctos	9644	51919	52138	953	953	951	724
Vidua_chalybeata	81927	37887	37915	957	957	947	726
Vidua_macroura	187451	35662	35701	943	943	925	715
Vireo_altiloquus	34956	14114	16110	834	834	831	663
Xiphorhynchus_elegans	269412	13534	15124	783	783	783	615
Zapornia_atra	2585822	13339	14708	790	790	788	641
Zosterops_borbonicus	364589	22558	22558	937	937	923	702
Zosterops_hypoxanthus	2485327	13718	15801	828	828	827	656
