species	NCBI.taxid	No_AAS_total	No_CDS_total	No_AAS_Busco	No_CDS_Busco	No_AAS_CDS_corresponding	nb_gene_85
Microtus_ochrogaster	79684	37795	37971	937	937	925	716
Melospiza_melodia	44397	14000	16856	806	806	806	642
Lonchura_striata	40157	29134	29150	944	944	922	711
Cyprinus_carpio	7962	80686	80987	282	282	259	208
Callithrix_jacchus	9483	85133	85291	869	869	862	682
Pelodiscus_sinensis	13735	38587	38784	928	928	884	684
Panthera_tigris	9694	29473	29550	944	944	907	699
Monodelphis_domestica	13616	49112	49302	932	932	907	689
Heterocephalus_glaber	10181	60814	60912	935	935	910	695
Macaca_mulatta	9544	67976	68172	928	928	881	680
Ornithorhynchus_anatinus	9258	43095	43203	954	954	942	711
Erinaceus_europaeus	9365	29382	29483	936	936	924	709
Felis_catus	9685	54726	54812	955	955	942	722
Oryctolagus_cuniculus	9986	38458	38705	889	889	722	562
Rattus_norvegicus	10116	56110	56593	894	894	817	638
Mus_musculus	10090	76226	77058	940	940	939	723
Bos_taurus	9913	63687	63863	942	942	800	611
Crocodylus_porosus	8502	28676	28686	875	875	863	687
Gallus_gallus	9031	49673	49772	932	932	797	612
Loxodonta_africana	9785	41267	41482	950	950	905	695
Cervus_elaphus	9860	19243	19243	828	828	828	629
Sus_scrofa	9823	63575	63712	947	947	833	636
Canis_lupus	9612	62946	63166	931	931	924	721
Danio_rerio	7955	52829	52917	914	914	632	482
Xenopus_tropicalis	8364	39662	39721	949	949	792	595
Xenopus_laevis	8355	56667	56769	461	461	365	300
Callorhinchus_milii	7868	28237	28450	931	931	662	509
Homo_sapiens	9606	113620	114507	947	947	932	705
Equus_caballus	9796	60900	61177	941	941	929	715
Blattella_germanica	6973	29581	29581	912	912	911	684
Cryptotermes_secundus	105785	26728	26728	947	947	940	715
Zootermopsis_nevadensis	136037	30187	30187	954	954	929	696
Acyrthosiphon_pisum	7029	27984	27984	874	874	815	617
Cimex_lectularius	79782	24194	24194	945	945	939	708
Halyomorpha_halys	286706	25026	25026	947	947	931	705
Athalia_rosae	37344	22113	22113	971	971	971	730
Cephus_cinctus	211228	31876	31876	966	966	961	724
Orussus_abietinus	222816	19696	19696	963	963	958	721
Nasonia_vitripennis	7425	24846	24846	945	945	860	652
Trichogramma_pretiosum	7493	21161	21161	907	907	906	701
Harpegnathos_saltator	610380	26784	26784	945	945	944	716
Linepithema_humile	83485	21674	21674	960	960	933	703
Camponotus_floridanus	104421	23971	23971	957	957	954	718
Pogonomyrmex_barbatus	144034	19128	19128	964	964	887	670
Polistes_canadensis	91411	19297	19297	961	961	949	718
Polistes_dominula	743375	20855	20855	965	965	954	721
Solenopsis_invicta	13686	25235	25235	954	954	911	687
Acromyrmex_echinatior	103372	20241	20241	964	964	947	715
Atta_cephalotes	12957	10657	10657	956	956	922	694
Dufourea_novaeangliae	178035	12157	12157	971	971	942	705
Megachile_rotundata	143995	26024	26024	960	960	957	722
Habropoda_laboriosa	597456	12256	12256	964	964	911	684
Eufriesea_mexicana	516756	15659	15659	946	946	929	704
Apis_mellifera	7460	23471	23471	970	970	964	723
Apis_florea	7463	17663	17663	973	973	806	600
Apis_cerana	7461	19255	19255	955	955	914	693
Melipona_quadrifasciata	166423	14257	14257	896	896	895	677
Bombus_terrestris	30195	22091	22091	966	966	881	662
Onthophagus_taurus	166361	21668	21668	931	931	931	708
Tribolium_castaneum	7070	22610	22610	961	961	955	717
Dendroctonus_ponderosae	77166	20551	20551	910	910	835	628
Anoplophora_glabripennis	217634	20632	20632	946	946	936	706
Leptinotarsa_decemlineata	7539	19038	19038	926	926	849	642
Plutella_xylostella	51655	21674	21674	726	726	697	536
Bombyx_mori	7091	22510	22510	957	957	792	590
Danaus_plexippus	13037	15232	15232	934	934	928	695
Aedes_aegypti	7159	28317	28317	909	909	905	681
Culex_quinquefasciatus	7176	18883	18883	882	882	881	652
Anopheles_gambiae	7165	14102	14102	946	946	934	710
Drosophila_grimshawi	7222	14986	14986	925	925	925	705
Drosophila_pseudoobscura	7237	23456	23456	931	931	918	692
Drosophila_melanogaster	7227	30493	30493	956	956	941	714
Drosophila_suzukii	28584	23160	23160	881	881	864	657
Ceratitis_capitata	7213	22949	22949	970	970	967	729
Lucilia_cuprina	7375	18864	18864	968	968	964	724
Musca_domestica	7370	21304	21304	944	944	908	682
Enhydra_lutris	34882	36603	36734	944	944	937	719
Carassius_auratus	7957	96703	97252	271	271	268	227
Motacilla_alba	45807	42246	42301	894	894	883	701
Patagioenas_fasciata	372321	24805	24805	907	907	903	710
Terrapene_carolina	158814	34138	34350	878	878	870	662
Osmia_bicornis	1437190	24839	24839	934	934	931	697
Neophocaena_asiaeorientalis	189058	38119	38173	942	942	922	710
Ovis_aries	9940	42390	42628	907	907	887	694
Lamprotornis_superbus	245042	14256	14846	836	836	831	681
Nematolebias_whitei	451745	24104	24108	931	931	866	668
Tetranychus_urticae	32264	15684	15684	820	820	817	639
Ixodes_scapularis	6945	32572	32572	845	845	827	630
Centruroides_sculpturatus	218467	35529	35529	903	903	883	670
Eurytemora_affinis	88015	30425	30425	902	902	841	644
Tyto_alba	56313	32967	32983	921	921	857	683
Anser_cygnoides	8845	31811	31821	857	857	803	653
Ursus_arctos	9644	51919	52138	953	953	951	726
Seriola_lalandi	302047	38827	38915	912	912	906	711
Balaenoptera_acutorostrata	9767	37625	37684	927	927	882	688
Podarcis_muralis	64176	50554	50591	935	935	906	685
Anas_platyrhynchos	8839	45225	45273	886	886	860	690
Odocoileus_virginianus	9874	48221	48326	925	925	912	696
Diabrotica_virgifera	50389	28061	28061	936	936	818	615
Trachemys_scripta	34903	42076	42199	921	921	880	686
Glossina_fuscipes	7396	22320	22320	939	939	933	707
Ceratosolen_solmsi	142686	12833	12833	952	952	928	697
Bombus_vancouverensis	2705177	24285	24285	965	965	961	727
Peromyscus_maniculatus	10042	45588	45916	927	927	921	707
Equus_asinus	9793	42247	42462	950	950	947	725
Gorilla_gorilla	9593	51652	51793	922	922	913	692
Vicugna_pacos	30538	44159	44289	951	951	918	702
Pan_troglodytes	9598	80807	80981	942	942	902	692
Struthio_camelus	8801	25438	25453	879	879	841	680
Vespula_vulgaris	7454	15512	15512	916	916	915	693
Vespula_pensylvanica	30213	18491	18491	949	949	949	717
Arvicola_amphibius	1047088	40754	40990	863	863	838	659
Clarias_magur	1594786	23712	23712	788	788	470	363
Oenanthe_oenanthe	279966	13570	15622	818	818	817	659
Chelonus_insularis	460826	19220	19220	957	957	953	722
Exaiptasia_diaphana	2652724	27753	27753	908	908	231	161
Branchiostoma_floridae	7739	43041	43041	944	944	878	653
Cloeon_dipterum	197152	30082	30161	926	926	926	701
Gymnodraco_acuticeps	8218	45727	45847	898	898	843	651
Pseudochaenichthys_georgianus	52239	37944	38061	895	895	869	675
Molothrus_ater	84834	28498	28503	926	926	894	699
Zerene_cesonia	33412	17465	17465	925	925	921	693
Osmia_lignaria	473952	25907	25907	960	960	956	718
Bombus_vosnesenskii	207650	24067	24067	966	966	959	727
Bombus_bifarius	103933	23896	23896	959	959	954	722
Pollicipes_pollicipes	41117	27080	27080	596	596	567	436
Dissostichus_mawsoni	36200	29240	29240	842	842	652	512
Arvicanthis_niloticus	61156	41473	41699	893	893	892	701
Anneissia_japonica	1529436	32774	32774	945	945	880	654
Oxyura_jamaicensis	8884	39795	39815	899	899	889	707
Ignelater_luminosus	2038154	27558	27558	905	905	898	683
Belonocnema_treatae	1159321	25246	25246	955	955	953	718
Stegodyphus_dumicola	202533	29944	29944	917	917	893	678
Odontomachus_brunneus	486640	29175	29175	947	947	942	715
Eudyptes_filholi	1419345	12955	13993	747	747	747	604
Chiroxiphia_lanceolata	296741	39412	39421	931	931	894	704
Cyclopterus_lumpus	8103	38625	38667	928	928	909	698
Notolabrus_celidotus	1203425	39434	39563	886	886	854	661
Pecten_maximus	6579	39918	39918	921	921	902	679
Photinus_pyralis	7054	32294	32294	814	814	811	613
Actinia_tenebrosa	6105	27037	27037	951	951	688	516
Camarhynchus_parvulus	87175	28897	28914	962	962	926	707
Asterias_rubens	7604	24049	24049	956	956	947	709
Gopherus_evgoodei	1825980	50852	51007	946	946	918	695
Archocentrus_centrarchus	63155	41106	41345	915	915	890	687
Dermochelys_coriacea	27794	55150	55241	947	947	912	705
Thrips_palmi	161013	27217	27217	948	948	940	704
Eumeta_japonica	151549	96513	96513	847	847	843	646
Nylanderia_fulva	613905	24514	24514	934	934	778	593
Varanus_komodoensis	61221	18293	18293	797	797	797	616
Anarrhichthys_ocellatus	433405	41887	41903	909	909	899	703
Cottoperca_gobio	56716	37849	37909	867	867	850	667
Phyllostomus_discolor	89673	46999	47220	928	928	891	691
Onychomys_torridus	38674	43242	43554	913	913	904	703
Suricata_suricatta	37032	43269	43409	944	944	935	714
Strigops_habroptila	2489341	43613	43644	935	935	926	716
Drosophila_guanche	7266	22824	22824	952	952	948	718
Anabarilius_grahami	495550	23906	23906	669	669	669	512
Marmota_flaviventris	93162	37627	37793	895	895	894	693
Chloebia_gouldiae	44316	18989	18989	837	837	836	664
Electrophorus_electricus	8005	45294	45431	918	918	908	696
Bos_indicus	9915	35992	36119	915	915	452	333
Apteryx_rowi	308060	37618	37643	932	932	753	592
Ceratotherium_simum	9807	33629	33782	959	959	949	726
Micropterus_salmoides	27706	47899	48385	858	858	832	647
Drosophila_subpulchrella	1486046	25688	25688	942	942	941	713
Molossus_molossus	27622	42753	42794	903	903	898	701
Pipistrellus_kuhlii	59472	53802	53872	899	899	895	697
Arctia_plantaginis	874455	18801	18894	939	939	939	712
Contarinia_nasturtii	265458	24963	24963	939	939	937	705
Talpa_occidentalis	50954	39507	39745	887	887	858	671
Grammomys_surdaster	491861	38183	38463	908	908	905	703
Pipra_filicauda	649802	35857	35876	914	914	906	716
Nothoprocta_perdicaria	30464	21504	21515	917	917	598	456
Cyanistes_caeruleus	156563	31326	31355	900	900	882	703
Paramormyrops_kingsleyae	1676925	55288	55349	888	888	886	686
Melanaphis_sacchari	742174	19074	19074	926	926	921	697
Piliocolobus_tephrosceles	591936	55454	55603	910	910	901	701
Mastomys_coucha	35658	54407	54522	939	939	932	718
Acanthochromis_polyacanthus	80966	36596	36621	920	920	904	698
Mus_pahari	10093	42226	42393	938	938	922	713
Miniopterus_natalensis	291302	29787	29861	958	958	948	726
Myotis_myotis	51298	61156	61234	861	861	857	678
Sturnus_vulgaris	9172	26611	26619	935	935	921	720
Octopus_bimaculoides	37653	23994	23994	948	948	930	699
Lynx_pardinus	191816	31025	31025	920	920	911	705
Lynx_canadensis	61383	42066	42155	939	939	883	683
Calidris_pugnax	198806	30889	30937	907	907	896	709
Nicrophorus_vespilloides	110193	19577	19577	959	959	953	717
Dinoponera_quadriceps	609295	22408	22408	955	955	949	721
Gekko_japonicus	146911	24464	24536	949	949	907	683
Pantherophis_guttatus	94885	41701	41848	957	957	949	718
Sinocyclocheilus_rhinocerous	307959	68562	68781	323	323	311	251
Sinocyclocheilus_anshuiensis	1608454	68474	68669	268	268	259	212
Hermetia_illucens	343691	24828	24828	969	969	963	724
Scaptodrosophila_lebanonensis	7225	19800	19800	943	943	943	714
Zootoca_vivipara	8524	44296	44363	943	943	933	711
Manis_javanica	9974	55869	55934	934	934	926	706
Sander_lucioperca	283035	56557	56899	930	930	928	720
Meloidogyne_enterolobii	390850	59773	59773	109	109	108	90
Colossoma_macropomum	42526	43618	43938	910	910	899	697
Perca_fluviatilis	8168	49921	50212	931	931	902	698
Periophthalmus_magnuspinnatus	409849	27511	27601	926	926	920	710
Ophiophagus_hannah	8665	18445	18445	769	769	757	588
Crotalus_tigris	88082	51661	51843	954	954	951	714
Bothrops_jararaca	8724	86	86	2	2	2	1
Thamnophis_sirtalis	35019	25180	25243	883	883	603	466
Thamnophis_elegans	35005	30876	31010	926	926	872	668
Naja_naja	35670	25817	25817	919	919	903	683
Aquila_chrysaetos	8962	52413	52443	932	932	926	722
Catharus_ustulatus	91951	36071	36231	935	935	922	702
Corvus_cornix	181096	36899	36913	867	867	818	662
Hirundo_rustica	43150	37939	37958	914	914	899	715
Panthera_leo	9689	53278	53409	932	932	921	708
Pteropus_giganteus	143291	53198	53505	944	944	928	710
Myotis_brandtii	109478	40808	40937	890	890	857	674
Phascolarctos_cinereus	38626	46908	47079	959	959	911	689
Trichechus_manatus	9778	36406	36491	954	954	943	723
Caenorhabditis_elegans	6239	28350	30301	866	866	866	675
Meriones_unguiculatus	10047	38763	38999	885	885	878	672
Zonotrichia_albicollis	44394	26242	26250	871	871	589	489
Bactrocera_oleae	104688	18715	18715	956	956	927	698
Bagarius_yarrelli	175774	17182	17182	755	755	755	578
Gigantopelta_aegis	1735272	33249	33249	934	934	922	693
Trichonephila_clavipes	2585209	22738	22738	610	610	610	461
Oncorhynchus_mykiss	8022	97743	97900	409	409	394	334
Salmo_salar	8030	97555	97737	422	422	355	295
Oncorhynchus_kisutch	8019	89277	89356	432	432	425	357
Acinonyx_jubatus	32536	56261	56361	953	953	951	726
Neomonachus_schauinslandi	29088	28381	28431	928	928	921	711
Vulpes_lagopus	494514	52703	52785	870	870	869	684
Halichoerus_grypus	9711	60137	60231	878	878	835	651
Nyctereutes_procyonoides	34880	27168	27168	890	890	890	693
Vulpes_vulpes	9627	37915	38026	929	929	913	707
Leptonychotes_weddellii	9713	40286	40334	918	918	892	687
Mirounga_leonina	9715	45186	45230	876	876	875	681
Puma_concolor	9696	23358	23419	932	932	904	691
Aphelenchus_avenae	70226	43185	43185	737	737	728	575
Orbicella_faveolata	48498	32587	32587	904	904	884	666
Hydra_vulgaris	6087	32703	32703	922	922	909	683
Stylophora_pistillata	50429	33252	33252	950	950	842	623
Teladorsagia_circumcincta	45464	25532	25532	683	683	659	519
Ancylostoma_ceylanicum	53326	15892	15892	763	763	763	603
Alligator_mississippiensis	8496	42388	42494	968	968	958	723
Caligus_rogercresseyi	217165	19128	19128	317	317	264	208
Daphnia_galeata	27404	15649	15845	894	894	890	676
Armadillidium_vulgare	13347	19051	19051	749	749	749	566
Ramazzottius_varieornatus	947166	23007	23007	860	860	860	651
Puntigrus_tetrazona	1606681	48681	48806	873	873	848	656
Caenorhabditis_nigoni	1611254	44605	44605	838	838	838	656
Lepidothrix_coronata	321398	36671	36686	912	912	899	717
Owenia_fusiformis	6347	30799	31200	928	928	914	701
Macrostomum_lignano	282301	49018	49018	90	90	90	77
Lingula_anatina	7574	41392	41392	730	730	710	546
Betta_splendens	158456	49263	49476	919	919	917	713
Onychostruthus_taczanowskii	356909	32357	32382	944	944	923	716
Numida_meleagris	8996	43240	43271	926	926	889	710
Papilio_machaon	76193	18225	18225	954	954	950	716
Mustela_putorius	9668	57554	57696	911	911	907	707
Lates_calcarifer	8187	45223	45427	891	891	878	684
Takifugu_flavidus	433684	29408	29408	883	883	883	681
Tursiops_truncatus	9739	55739	55802	900	900	898	696
Elysia_chlorotica	188477	23871	23871	936	936	933	706
Haliotis_rufescens	6454	55609	55609	957	957	957	718
Angiostrongylus_cantonensis	6313	10314	10314	661	661	645	509
Trichuris_suis	68888	9829	9829	786	786	786	617
Homarus_americanus	6706	40732	40732	941	941	885	670
Penaeus_vannamei	6689	33273	33273	837	837	685	513
Echinococcus_granulosus	6210	11319	11319	801	801	801	610
Schistosoma_haematobium	6185	8934	8934	764	764	761	588
Acropora_digitifera	70779	33878	33878	825	825	792	598
Pieris_rapae	64459	20497	20497	953	953	953	716
Coptotermes_formosanus	36987	12984	12984	913	913	884	670
Myotis_lucifugus	59463	43106	43257	904	904	861	666
Anolis_carolinensis	28377	34826	34878	908	908	753	578
Gymnogyps_californianus	33616	25288	25333	883	883	843	677
Fundulus_heteroclitus	8078	49534	49787	895	895	883	683
Pteropus_vampyrus	132908	43630	43832	953	953	942	720
Necator_americanus	51031	19153	19153	799	799	798	622
Dictyocaulus_viviparus	29172	14171	14171	808	808	799	628
Oesophagostomum_dentatum	61180	25289	25289	697	697	684	535
Melitaea_cinxia	113334	14667	14667	966	966	959	721
Clonorchis_sinensis	79923	14408	14408	817	817	814	628
Acropora_millepora	45264	41860	41860	867	867	851	644
Drosophila_mauritiana	7226	23239	23239	954	954	953	722
Drosophila_sechellia	7238	23935	23935	952	952	950	720
Drosophila_erecta	7220	23135	23135	954	954	952	721
Acanthocheilonema_viteae	6277	10138	10397	815	815	795	610
Varroa_destructor	109461	30221	30221	927	927	927	706
Loa_loa	7209	15440	15440	878	878	878	670
Steinernema_carpocapsae	34508	36556	36561	787	787	787	628
Penaeus_chinensis	139456	34830	34830	932	932	911	687
Lepeophtheirus_salmonis	72036	20654	20654	890	890	872	656
