species	NCBI.taxid	No_AAS_total	No_CDS_total	No_AAS_Busco	No_CDS_Busco	No_AAS_CDS_corresponding	nb_gene_to_study
Acanthaster_planci	133434	33214	33214	962	962	954	715
Acropora_digitifera	70779	33878	33878	825	825	792	596
Acropora_millepora	45264	41860	41860	867	867	851	642
Actinia_tenebrosa	6105	27037	27037	951	951	688	515
Adineta_ricciae	249248	49015	49284	487	487	486	378
Adineta_steineri	433720	50321	50525	543	543	538	429
Adineta_vaga	104782	32378	32378	688	688	688	551
Alligator_mississippiensis	8496	42388	42494	968	968	958	721
Amphibalanus_amphitrite	1232801	59724	59724	325	325	321	247
Amphimedon_queenslandica	400682	23542	23542	868	868	863	645
Anneissia_japonica	1529436	32774	32774	945	945	880	652
Aplysia_californica	6500	26656	26656	949	949	795	599
Apostichopus_japonicus	307972	30221	30221	786	786	770	577
Aquila_chrysaetos	8962	52413	52443	932	932	926	720
Araneus_ventricosus	182803	279517	279517	829	829	816	622
Argiope_bruennichi	94029	30141	30141	932	932	932	709
Armadillidium_nasatum	96803	14636	14636	792	792	792	604
Armadillidium_vulgare	13347	19051	19051	749	749	749	564
Asterias_rubens	7604	24049	24049	956	956	947	708
Athalia_rosae	37344	22113	22113	971	971	971	728
Batillaria_attramentaria	370345	29795	29795	658	658	592	461
Biomphalaria_glabrata	6526	53149	53149	955	955	953	716
Blomia_tropicalis	40697	10651	10651	866	866	865	661
Branchiostoma_belcheri	7741	34675	34675	959	959	928	700
Branchiostoma_floridae	7739	43041	43041	944	944	878	651
Branchiostoma_lanceolatum	7740	39310	39383	949	949	948	707
Bugula_neritina	10212	25318	25318	765	765	765	579
Bulinus_truncatus	55810	26279	26279	783	783	777	581
Caenorhabditis_elegans	6239	28350	30301	866	866	866	673
Caerostris_darwini	1538125	56117	56117	868	868	867	653
Caerostris_extrusa	172846	82824	82824	895	895	884	669
Caligus_rogercresseyi	217165	19128	19128	317	317	264	208
Candidula_unifasciata	100452	22464	22464	866	866	819	632
Capitella_teleta	283909	31978	31978	915	915	915	684
Centruroides_sculpturatus	218467	35529	35529	903	903	883	668
Ceratitis_capitata	7213	22949	22949	970	970	967	727
Cherax_quadricarinatus	27406	31450	31450	899	899	776	585
Chionoecetes_opilio	41210	22650	22650	781	781	781	608
Ciona_intestinalis	7719	21096	21096	922	922	891	681
Clonorchis_sinensis	79923	14408	14408	817	817	814	627
Crassostrea_angulata	558553	49950	49950	949	949	947	712
Crassostrea_gigas	29159	63341	63341	907	907	898	676
Crassostrea_virginica	6565	60213	60213	683	683	596	440
Daphnia_galeata	27404	15649	15845	894	894	890	675
Daphnia_magna	35525	28221	28221	880	880	858	648
Daphnia_pulex	6669	27985	27985	929	929	925	697
Daphnia_pulicaria	35523	27597	27597	917	917	910	683
Daphnia_sinensis	1820382	16955	16955	920	920	920	691
Darwinula_stevensoni	69355	15624	15746	854	854	848	645
Dendronephthya_gigantea	151771	28741	28741	844	844	833	628
Dermacentor_andersoni	34620	36216	36216	932	932	931	696
Dermacentor_silvarum	543639	36397	36397	905	905	893	675
Dermatophagoides_farinae	6954	12615	12615	898	898	857	651
Dermatophagoides_pteronyssinus	6956	12837	12837	892	892	879	667
Desmophyllum_pertusum	174260	37484	37484	875	875	873	658
Dibothriocephalus_latus	60516	19930	19966	652	652	533	410
Dicrocoelium_dendriticum	57078	16905	16907	676	676	671	520
Didymodactylos_carnosus	1234261	46863	46863	677	677	655	515
Dimorphilus_gyrociliatus	2664684	16175	16378	888	888	888	674
Dinothrombium_tinctorium	1965070	19024	19024	516	516	515	388
Dreissena_polymorpha	45954	75288	75288	780	780	772	589
Echinococcus_granulosus	6210	11319	11319	801	801	801	609
Echinococcus_multilocularis	6211	10656	10657	747	747	747	570
Echinostoma_caproni	27848	18599	18607	753	753	596	451
Elysia_chlorotica	188477	23871	23871	936	936	933	704
Elysia_marginata	1093978	70752	70752	942	942	932	694
Enteromyxum_leei	188704	13	13	0	0	NA	0
Eriocheir_sinensis	95602	54884	54884	890	890	885	669
Euroglyphus_maynei	6958	15257	15257	815	815	811	620
Eurytemora_affinis	88015	30425	30425	902	902	841	642
Exaiptasia_diaphana	2652724	27753	27753	908	908	231	160
Fasciolopsis_buski	27845	11837	11837	805	805	798	623
Folsomia_candida	158441	37114	37114	914	914	913	699
Fragariocoptes_setiger	1670756	3058	3058	374	374	374	282
Galendromus_occidentalis	34638	11873	11873	893	893	867	656
Gigantopelta_aegis	1735272	33249	33249	934	934	922	691
Haemaphysalis_longicornis	44386	25651	25651	663	663	663	492
Haliotis_rubra	36100	43422	43422	917	917	818	599
Haliotis_rufescens	6454	55609	55609	957	957	957	716
Halotydeus_destructor	2874060	14583	14583	887	887	887	673
Helobdella_robusta	6412	23368	23368	914	914	914	685
Henneguya_salminicola	69463	8187	8187	425	425	425	322
Homarus_americanus	6706	40732	40732	941	941	885	668
Hyalella_azteca	294128	22614	22614	923	923	874	655
Hyalomma_asiaticum	266040	29644	29657	751	751	751	570
Hydatigera_taeniaeformis	6205	11598	11649	802	802	720	553
Hydra_vulgaris	6087	32703	32703	922	922	909	681
Hypsibius_exemplaris	2072580	20853	20860	890	890	889	678
Intoshia_linei	1819745	8724	8724	662	662	662	501
Ixodes_persulcatus	34615	28396	28510	826	826	801	606
Ixodes_scapularis	6945	32572	32572	845	845	827	628
Kudoa_iwatai	269814	10	10	0	0	NA	0
Lamellibrachia_satsuma	104711	32394	32394	943	943	943	706
Lepeophtheirus_salmonis	72036	20654	20654	890	890	872	654
Leptotrombidium_deliense	299467	14667	14667	869	869	866	652
Limulus_polyphemus	6850	38676	38676	869	869	841	639
Lingula_anatina	7574	41392	41392	730	730	710	544
Lottia_gigantea	225164	23822	23831	943	943	943	708
Lytechinus_pictus	7653	27757	27757	699	699	676	496
Lytechinus_variegatus	7654	33682	33682	789	789	784	587
Macrostomum_lignano	282301	49018	49018	90	90	90	76
Medioppia_subpectinata	1979941	23374	23681	757	757	748	564
Mercenaria_mercenaria	6596	60841	60841	906	906	886	665
Mesocestoides_corti	53468	10577	10614	823	823	735	559
Mizuhopecten_yessoensis	6573	41567	41567	947	947	939	710
Mya_arenaria	6604	61919	61919	784	784	783	591
Mytilus_californianus	6549	49739	49739	934	934	930	700
Myxobolus_squamalis	59785	5723	5723	342	342	339	260
Nematostella_vectensis	45351	32370	32370	941	941	938	701
Nephila_pilipes	299642	72441	72441	855	855	851	646
Notodromas_monacha	399045	14067	14121	807	807	806	611
Octopus_bimaculoides	37653	23994	23994	948	948	930	698
Octopus_sinensis	2607531	36112	36112	953	953	944	706
Oedothorax_gibbosus	931172	32682	32682	921	921	920	689
Oikopleura_dioica	34765	18751	18794	760	760	760	577
Oopsacas_minuta	111878	16413	16413	802	802	802	603
Opisthorchis_felineus	147828	20867	20867	865	865	865	655
Opisthorchis_viverrini	6198	16356	16356	788	788	786	612
Oppia_nitens	1686743	16969	16969	916	916	851	640
Oppiella_nova	334625	23724	23973	758	758	749	574
Orbicella_faveolata	48498	32587	32587	904	904	884	665
Orchesella_cincta	48709	20247	20247	824	824	824	629
Ostrea_edulis	37623	57349	57349	953	953	947	709
Owenia_fusiformis	6347	30799	31200	928	928	914	699
Panonychus_citri	50023	14862	14862	773	773	710	533
Paragonimus_heterotremus	100268	12487	12487	821	821	815	625
Paragonimus_kellicotti	100269	12850	12850	752	752	746	574
Paragonimus_westermani	34504	12783	12783	802	802	802	621
Paramacrobiotus_metropolitanus	2943436	30867	30867	846	846	821	631
Paramuricea_clavata	317549	69834	69836	903	903	861	646
Parasteatoda_tepidariorum	114398	33089	33089	922	922	877	665
Patella_vulgata	6465	27726	27726	864	864	863	666
Patiria_miniata	46514	35403	35403	907	907	892	663
Pecten_maximus	6579	39918	39918	921	921	902	677
Penaeus_chinensis	139456	34830	34830	932	932	911	685
Penaeus_japonicus	27405	39224	39224	913	913	873	651
Penaeus_monodon	6687	32816	32816	860	860	656	490
Penaeus_vannamei	6689	33273	33273	837	837	685	512
Plakobranchus_ocellatus	259542	77230	77230	947	947	940	705
Pocillopora_damicornis	46731	25183	25183	941	941	861	638
Pollicipes_pollicipes	41117	27080	27080	596	596	567	434
Pomacea_canaliculata	400727	40391	40391	944	944	873	658
Pomphorhynchus_laevis	141832	13055	13055	666	666	646	488
Portunus_trituberculatus	210409	38519	38519	953	953	876	654
Priapulus_caudatus	37621	20692	20692	913	913	816	612
Procambarus_clarkii	6728	45538	45538	949	949	940	709
Protopolystoma_xenopodis	117903	37859	37906	543	543	435	336
Ramazzottius_varieornatus	947166	23007	23007	860	860	860	649
Rhipicephalus_microplus	6941	24211	24211	909	909	861	641
Rhipicephalus_sanguineus	34632	30609	30609	883	883	836	634
Rodentolepis_nana	102285	13631	13777	822	822	762	580
Rotaria_socialis	392032	33679	33717	700	700	699	552
Rotaria_sordida	392033	61901	62102	205	205	198	153
Saccoglossus_kowalevskii	10224	22111	22111	936	936	878	657
Sander_lucioperca	283035	56557	56899	930	930	928	718
Sarcoptes_scabiei	52283	9318	9318	878	878	878	667
Schistosoma_bovis	6184	16787	16874	829	829	828	641
Schistosoma_curassoni	6186	16789	16789	825	825	821	633
Schistosoma_haematobium	6185	8934	8934	764	764	761	587
Schistosoma_mansoni	6183	11713	11721	829	829	827	636
Schistosoma_margrebowiei	48269	16125	16125	828	828	825	635
Schistosoma_mattheei	31246	14602	14603	817	817	810	626
Schistosoma_spindale	6189	14516	14516	834	834	828	635
Seison_nebaliae	104778	12269	12269	768	768	765	581
Sepia_pharaonis	158019	53530	53530	769	769	767	604
Sparganum_proliferum	64606	22427	23043	758	758	753	592
Spirometra_erinaceieuropaei	99802	27676	28290	726	726	722	565
Stegodyphus_dumicola	202533	29944	29944	917	917	893	676
Stegodyphus_mimosarum	407821	27135	27135	922	922	921	694
Strongylocentrotus_purpuratus	7668	38439	38439	769	769	750	556
Styela_clava	7725	27445	27445	837	837	807	611
Stylophora_pistillata	50429	33252	33252	950	950	842	621
Tegillarca_granosa	220873	25076	25076	743	743	617	471
Tetranychus_urticae	32264	15684	15684	820	820	817	638
Thelohanellus_kitauei	669202	15020	15020	401	401	401	310
Tigriopus_californicus	6832	15577	15577	890	890	888	676
Tribolium_castaneum	7070	22610	22610	961	961	955	715
Trichobilharzia_regenti	157069	20958	20958	807	807	794	616
Trichobilharzia_szidati	157070	20268	20268	648	648	645	489
Trichonephila_clavata	2740835	70432	70432	858	858	849	640
Trichonephila_clavipes	2585209	22738	22738	610	610	610	460
Trichonephila_inaurata	2747482	51814	51814	856	856	853	649
Trichoplax_adhaerens	10228	11520	11520	910	910	910	682
Trinorchestia_longiramus	1923959	26080	26080	903	903	900	673
Tropilaelaps_mercedesae	418985	14342	14342	892	892	892	677
Uloborus_diversus	327109	18993	18993	823	823	794	603
Ursus_arctos	9644	51919	52138	953	953	951	724
Varroa_destructor	109461	30221	30221	927	927	927	704
Varroa_jacobsoni	62625	26214	26214	933	933	931	709
