species	NCBI.txid	No_AAS_total	No_CDS_total	No_AAS_Busco	No_CDS_Busco	No_AAS_CDS_corresponding
Acanthaster_planci	133434	33214	33214	962	962	954
Acanthisitta_chloris	57068	16077	16089	868	868	756
Acanthocheilonema_viteae	6277	10138	10397	815	815	795
Acanthochromis_polyacanthus	80966	36596	36621	920	920	904
Acanthopagrus_latus	8177	54558	54718	928	928	925
Acanthoscelides_obtectus	200917	60987	61041	826	826	826
Accipiter_gentilis	8957	44814	44840	957	957	947
Acinonyx_jubatus	32536	56261	56361	953	953	951
Acipenser_ruthenus	7906	66973	67090	276	276	266
Acomys_russatus	60746	33440	33557	902	902	899
Acromyrmex_charruanus	2715315	8986	14640	944	944	944
Acromyrmex_echinatior	103372	20241	20241	964	964	947
Acromyrmex_heyeri	230685	9118	16064	934	934	928
Acromyrmex_insinuator	230686	8975	14546	946	946	945
Acropora_digitifera	70779	33878	33878	825	825	792
Acropora_millepora	45264	41860	41860	867	867	851
Actinia_tenebrosa	6105	27037	27037	951	951	688
Acyrthosiphon_pisum	7029	27984	27984	874	874	815
Adelges_cooleyi	133065	24967	24967	912	912	909
Adineta_ricciae	249248	49015	49284	487	487	486
Adineta_steineri	433720	50321	50525	543	543	538
Adineta_vaga	104782	32378	32378	688	688	688
Aedes_aegypti	7159	28317	28317	909	909	905
Aedes_albopictus	7160	40086	40086	450	450	413
Aegithalos_caudatus	73327	13259	15004	803	803	803
Aegotheles_bennettii	48278	13701	15054	809	809	808
Aethina_tumida	116153	21401	21401	934	934	934
Agelaius_phoeniceus	39638	27550	27581	944	944	920
Agrilus_planipennis	224129	22159	22159	865	865	861
Ailuropoda_melanoleuca	9646	53684	53813	929	929	913
Aix_galericulata	8832	13219	16600	827	827	819
Alaudala_cheleensis	670337	14297	16068	837	837	837
Albula_glossodonta	121402	28305	28305	735	735	733
Albula_goreensis	1534307	23626	23626	822	822	822
Aleadryas_rufinucha	461220	13899	15340	824	824	822
Alectura_lathami	81907	13399	15139	798	798	798
Alligator_mississippiensis	8496	42388	42494	968	968	958
Alligator_sinensis	38654	43105	43286	950	950	920
Alopecoenas_beccarii	262131	14599	16030	862	862	860
Alosa_alosa	278164	43714	43775	879	879	847
Alosa_sapidissima	34773	56007	56159	905	905	903
Amazona_guildingii	175529	14211	15795	860	860	856
Amblyraja_radiata	386614	38895	38932	913	913	904
Ameiurus_melas	219545	24354	24354	913	913	913
Amphibalanus_amphitrite	1232801	59724	59724	325	325	321
Amphimedon_queenslandica	400682	23542	23542	868	868	863
Amphiprion_ocellaris	80972	47242	47359	918	918	916
Ampulex_compressa	860918	21627	21627	961	961	959
Amyelois_transitella	680683	18472	18472	936	936	890
Anabarilius_grahami	495550	23906	23906	669	669	669
Anabas_testudineus	64144	40360	40551	917	917	914
Anarrhichthys_ocellatus	433405	41887	41903	909	909	899
Anas_platyrhynchos	8839	45225	45273	886	886	860
Anastrepha_ludens	28586	25247	25247	963	963	962
Anastrepha_obliqua	95512	22869	22869	956	956	955
Ancylostoma_caninum	29170	30198	30198	765	765	764
Ancylostoma_ceylanicum	53326	15892	15892	763	763	763
Ancylostoma_duodenale	51022	27483	27483	747	747	732
Angiostrongylus_cantonensis	6313	10314	10314	661	661	645
Angiostrongylus_costaricensis	334426	13364	13417	840	840	802
Anguilla_anguilla	7936	58091	58286	839	839	835
Anhinga_anhinga	56067	13590	15174	800	800	800
Anhinga_rufa	317792	10486	11641	686	686	685
Anisakis_simplex	6269	20971	20971	792	792	671
Anneissia_japonica	1529436	32774	32774	945	945	880
Anolis_carolinensis	28377	34826	34878	908	908	753
Anopheles_albimanus	7167	23947	23947	958	958	947
Anopheles_aquasalis	42839	20271	20271	958	958	958
Anopheles_arabiensis	7173	25532	25532	954	954	945
Anopheles_coluzzii	1518534	24012	24012	960	960	960
Anopheles_cruzii	68878	14301	14301	935	935	934
Anopheles_darlingi	43151	20247	20247	954	954	953
Anopheles_funestus	62324	25342	25342	955	955	955
Anopheles_gambiae	7165	14102	14102	946	946	934
Anopheles_maculipalpis	1496333	14422	14422	958	958	956
Anopheles_marshallii	1521116	12038	12038	953	953	946
Anopheles_merus	30066	28438	28438	889	889	889
Anopheles_moucheti	186751	15528	15528	952	952	950
Anopheles_nili	185578	11869	11869	952	952	949
Anopheles_sinensis	74873	19352	19352	876	876	876
Anopheles_stephensi	30069	29660	29660	912	912	912
Anoplophora_glabripennis	217634	20632	20632	946	946	936
Anoplopoma_fimbria	229290	31719	31819	920	920	887
Anser_cygnoides	8845	31811	31821	857	857	803
Anseranas_semipalmata	8851	14223	15749	838	838	836
Antechinus_flavipes	38775	40823	41031	913	913	897
Anthonomus_grandis	7044	23731	23731	947	947	944
Anthoscopus_minutus	156561	13582	15222	848	848	844
Antrostomus_carolinensis	279965	16876	16887	844	844	758
Aotus_nancymaae	37293	47568	47641	923	923	887
Apaloderma_vittatum	57397	15288	15303	822	822	716
Aphelenchoides_besseyi	269767	11794	12576	737	737	734
Aphelenchoides_bicaudatus	293665	10675	11699	775	775	775
Aphelenchoides_fujianensis	1052528	17477	20050	532	532	529
Aphelenchus_avenae	70226	43185	43185	737	737	728
Aphelocoma_coerulescens	39617	14584	16167	868	868	868
Aphidius_gifuensis	684658	20617	20617	900	900	897
Aphis_craccivora	307492	32062	32062	903	903	903
Aphis_glycines	307491	18358	18358	755	755	753
Aphis_gossypii	80765	26009	26009	906	906	899
Apis_cerana	7461	19255	19255	955	955	914
Apis_dorsata	7462	20012	20012	976	976	959
Apis_florea	7463	17663	17663	973	973	806
Apis_laboriosa	183418	20470	20470	971	971	967
Apis_mellifera	7460	23471	23471	970	970	964
Aplysia_californica	6500	26656	26656	949	949	795
Apodemus_sylvaticus	10129	46365	46632	918	918	915
Apolygus_lucorum	248454	20111	20353	878	878	874
Apostichopus_japonicus	307972	30221	30221	786	786	770
Aptenodytes_forsteri	9233	19104	19116	875	875	859
Aptenodytes_patagonicus	9234	13942	14992	794	794	794
Apteryx_mantelli	2696672	22793	22817	884	884	854
Apteryx_rowi	308060	37618	37643	932	932	753
Apus_apus	8895	36344	36363	890	890	886
Aquila_chrysaetos	8962	52413	52443	932	932	926
Aramus_guarauna	54356	14295	15841	849	849	845
Araneus_ventricosus	182803	279517	279517	829	829	816
Archocentrus_centrarchus	63155	41106	41345	915	915	890
Arctia_plantaginis	874455	18801	18894	939	939	939
Ardeotis_kori	89386	13698	15169	826	826	826
Arenaria_interpres	54971	13872	15264	821	821	818
Argiope_bruennichi	94029	30141	30141	932	932	932
Aricia_agestis	91739	21296	21296	969	969	968
Armadillidium_nasatum	96803	14636	14636	792	792	792
Armadillidium_vulgare	13347	19051	19051	749	749	749
Artibeus_jamaicensis	9417	42600	42787	924	924	912
Arvicanthis_niloticus	61156	41473	41699	893	893	892
Arvicola_amphibius	1047088	40754	40990	863	863	838
Asarcornis_scutulata	75869	14721	16361	859	859	859
Asbolus_verrucosus	1661398	15272	15272	925	925	925
Astatotilapia_calliptera	8154	52718	52859	912	912	909
Asterias_rubens	7604	24049	24049	956	956	947
Astyanax_mexicanus	7994	52494	52668	910	910	910
Athalia_rosae	37344	22113	22113	971	971	971
Athene_cunicularia	194338	27746	27752	852	852	847
Atlantisia_rogersi	2478892	13725	14985	768	768	768
Atractosteus_spatula	7917	15524	18711	880	880	867
Atrichornis_clamosus	449594	14599	16080	870	870	870
Atta_cephalotes	12957	10657	10657	956	956	922
Atta_colombica	520822	16933	16933	958	958	941
Austrofundulus_limnaeus	52670	35329	35368	922	922	427
Aythya_fuligula	219594	27761	27809	917	917	903
Bactrocera_dorsalis	27457	30102	30102	968	968	963
Bactrocera_latifrons	174628	22638	22638	959	959	798
Bactrocera_neohumeralis	98809	25557	25557	959	959	951
Bactrocera_oleae	104688	18715	18715	956	956	927
Bactrocera_tryoni	59916	23950	23950	958	958	958
Bagarius_yarrelli	175774	17182	17182	755	755	755
Balaeniceps_rex	33584	12229	13703	742	742	740
Balaenoptera_acutorostrata	9767	37625	37684	927	927	882
Balaenoptera_musculus	9771	52259	52306	853	853	837
Balearica_regulorum	925459	16163	16179	848	848	756
Bambusicola_thoracicus	9083	17763	17763	791	791	780
Baryphthengus_martii	176943	13396	15154	825	825	824
Batillaria_attramentaria	370345	29795	29795	658	658	592
Belonocnema_kinseyi	2817044	25246	25246	955	955	953
Belonocnema_treatae	1159321	25246	25246	955	955	953
Bemisia_tabaci	7038	22737	22737	935	935	913
Betta_splendens	158456	49263	49476	919	919	917
Bicyclus_anynana	110368	21766	21766	965	965	960
Biomphalaria_glabrata	6526	53149	53149	955	955	953
Bison_bison	9901	35554	35692	937	937	902
Blattella_germanica	6973	29581	29581	912	912	911
Blomia_tropicalis	40697	10651	10651	866	866	865
Boleophthalmus_pectinirostris	150288	33893	34005	929	929	898
Bombina_bombina	8345	33491	33589	908	908	855
Bombus_affinis	309941	28024	28024	967	967	967
Bombus_bifarius	103933	23896	23896	959	959	954
Bombus_huntii	85661	27776	27776	966	966	965
Bombus_impatiens	132113	24471	24471	966	966	959
Bombus_pyrosoma	396416	28292	28292	967	967	966
Bombus_terrestris	30195	22091	22091	966	966	881
Bombus_vancouverensis	2705177	24285	24285	965	965	961
Bombus_vosnesenskii	207650	24067	24067	966	966	959
Bombycilla_garrulus	125297	13804	15599	821	821	817
Bombyx_mandarina	7092	19224	19224	918	918	913
Bombyx_mori	7091	22510	22510	957	957	792
Bos_indicus	9915	35992	36119	915	915	452
Bos_mutus	72004	28881	28990	934	934	897
Bos_taurus	9913	63687	63863	942	942	800
Bothrops_jararaca	8724	86	86	2	2	2
Brachypodius_atriceps	182895	12867	14275	800	800	800
Brachypteracias_leptosomus	135165	13435	14926	840	840	840
Bradysia_coprophila	38358	28473	28473	936	936	936
Branchiostoma_belcheri	7741	34675	34675	959	959	928
Branchiostoma_floridae	7739	43041	43041	944	944	878
Branchiostoma_lanceolatum	7740	39310	39383	949	949	948
Brassicogethes_aeneus	1431903	16015	16015	914	914	913
Brenthis_ino	405034	19333	19333	962	962	962
Brienomyrus_brachyistius	42636	62316	62372	871	871	864
Brugia_malayi	6279	14388	14709	879	879	879
Brugia_timori	42155	15861	16203	796	796	671
Bubalus_bubalis	89462	64378	64670	900	900	895
Bucco_capensis	135168	14416	15880	884	884	884
Buceros_rhinoceros	175835	15510	15525	832	832	753
Budorcas_taxicolor	37181	28977	29116	876	876	873
Bufo_bufo	8384	38109	38156	942	942	924
Bufo_gargarizans	30331	38512	38582	886	886	881
Bugula_neritina	10212	25318	25318	765	765	765
Bulinus_truncatus	55810	26279	26279	783	783	777
Buphagus_erythrorhynchus	245048	11105	12579	746	746	743
Burhinus_bistriatus	240201	13982	15874	833	833	833
Bursaphelenchus_okinawaensis	465554	14544	14593	843	843	843
Bursaphelenchus_xylophilus	6326	15860	15884	843	843	843
Caenorhabditis_angaria	860376	19424	19429	849	849	829
Caenorhabditis_auriculariae	2777116	16279	16279	856	856	856
Caenorhabditis_bovis	2654633	15174	15307	831	831	831
Caenorhabditis_brenneri	135651	30670	30673	572	572	571
Caenorhabditis_briggsae	6238	21954	21954	846	846	845
Caenorhabditis_elegans	6239	28350	30301	866	866	866
Caenorhabditis_nigoni	1611254	44605	44605	838	838	838
Caenorhabditis_remanei	31234	26177	26296	834	834	834
Caerostris_darwini	1538125	56117	56117	868	868	867
Caerostris_extrusa	172846	82824	82824	895	895	884
Calcarius_ornatus	198940	13683	15518	819	819	819
Calidris_pugnax	198806	30889	30937	907	907	896
Caligus_rogercresseyi	217165	19128	19128	317	317	264
Callaeas_wilsoni	1347786	14567	16099	865	865	865
Callipepla_squamata	9009	17131	17131	859	859	852
Callithrix_jacchus	9483	85133	85291	869	869	862
Callorhinchus_milii	7868	28237	28450	931	931	662
Callorhinus_ursinus	34884	46164	46221	806	806	802
Callosobruchus_maculatus	64391	31345	31361	825	825	824
Caloenas_nicobarica	187106	14071	15520	843	843	843
Calonectris_borealis	1323832	14421	15799	859	859	859
Calypte_anna	9244	29214	29231	886	886	857
Calyptomena_viridis	135972	13242	14872	797	797	797
Camarhynchus_parvulus	87175	28897	28914	962	962	926
Camelus_bactrianus	9837	41434	41527	941	941	765
Camelus_dromedarius	9838	51736	51822	957	957	925
Camelus_ferus	419612	54519	54601	937	937	934
Camponotus_floridanus	104421	23971	23971	957	957	954
Campylorhamphus_procurvoides	190295	14098	15733	829	829	824
Candidula_unifasciata	100452	22464	22464	866	866	819
Canis_lupus	9612	62946	63166	931	931	924
Capitella_teleta	283909	31978	31978	915	915	915
Capra_hircus	9925	42653	42815	936	936	926
Caranx_melampygus	181461	30859	30859	834	834	815
Carassius_auratus	7957	96703	97252	271	271	268
Carassius_gibelio	101364	90465	90703	326	326	324
Carcharodon_carcharias	13397	44456	44525	936	936	932
Caretta_caretta	8467	54596	54723	953	953	936
Cariama_cristata	54380	16125	16140	863	863	783
Carlito_syrichta	1868482	33081	33260	915	915	896
Castor_canadensis	51338	37422	37636	935	935	803
Cataglyphis_hispanica	1086592	22395	22395	961	961	950
Cathartes_aura	43455	11361	11361	669	669	668
Catharus_fuscescens	159581	13926	15664	819	819	818
Catharus_ustulatus	91951	36071	36231	935	935	922
Cavia_porcellus	10141	37360	37654	950	950	914
Cebus_imitator	2715852	55885	56047	875	875	867
Centrocercus_urophasianus	9002	31539	31548	892	892	881
Centropus_bengalensis	1463675	13170	14518	813	813	813
Centropus_unirufus	1118519	14022	15345	839	839	839
Centruroides_sculpturatus	218467	35529	35529	903	903	883
Cephalopterus_ornatus	114276	13914	15494	829	829	829
Cephus_cinctus	211228	31876	31876	966	966	961
Cepphus_grylle	28697	14764	16242	872	872	872
Ceratina_calcarata	156304	23278	23278	934	934	925
Ceratitis_capitata	7213	22949	22949	970	970	967
Ceratosolen_solmsi	142686	12833	12833	952	952	928
Ceratotherium_simum	9807	33629	33782	959	959	949
Cercocebus_atys	9531	65920	66135	939	939	909
Cercopithifilaria_johnstoni	2874296	11551	11690	872	872	869
Cercotrichas_coryphoeus	614051	13559	15241	816	816	816
Certhia_brachydactyla	73330	13885	15671	838	838	833
Certhia_familiaris	73333	13157	14709	771	771	771
Cervus_canadensis	1574408	56132	56339	841	841	837
Cervus_elaphus	9860	19243	19243	828	828	828
Cervus_hanglu	2100816	19312	19312	846	846	845
Cettia_cetti	68486	14916	16477	879	879	879
Ceuthmochares_aereus	1961834	12210	13522	756	756	756
Ceutorhynchus_assimilis	467358	15470	15471	901	901	901
Ceyx_cyanopectus	390723	12043	13153	748	748	748
Chaenocephalus_aceratus	36190	39863	39863	857	857	833
Chaetops_frenatus	221966	13233	15034	795	795	794
Chaetorhynchus_papuensis	254446	14337	15932	844	844	844
Chaetura_pelagica	8897	15932	15944	877	877	817
Chanos_chanos	29144	29908	30105	894	894	891
Charadrius_vociferus	50402	16428	16448	881	881	829
Chauna_torquata	30388	13482	15083	815	815	812
Cheilinus_undulatus	241271	40002	40068	913	913	912
Chelmon_rostratus	109905	33912	34085	930	930	926
Chelonia_mydas	8469	71110	71295	958	958	953
Chelonoidis_abingdonii	106734	44358	44546	953	953	924
Chelonus_insularis	460826	19220	19220	957	957	953
Chelydra_serpentina	8475	21003	21013	918	918	902
Cherax_quadricarinatus	27406	31450	31450	899	899	776
Chilo_suppressalis	168631	12906	12906	904	904	904
Chiloscyllium_plagiosum	36176	47685	47886	931	931	926
Chiloscyllium_punctatum	137246	33501	33501	921	921	914
Chinchilla_lanigera	34839	45448	45609	949	949	841
Chionis_minor	227182	14305	15689	851	851	850
Chionoecetes_opilio	41210	22650	22650	781	781	781
Chironomus_riparius	315576	16522	16523	931	931	931
Chiroxiphia_lanceolata	296741	39412	39421	931	931	894
Chlamydotis_macqueenii	187382	15683	15694	835	835	742
Chloebia_gouldiae	44316	18989	18989	837	837	836
Chlorocebus_sabaeus	60711	61846	62042	872	872	858
Chloroceryle_aenea	176938	12200	13866	764	764	761
Chloropsis_cyanopogon	1218682	12574	14216	764	764	762
Chloropsis_hardwickii	667144	13520	15362	803	803	803
Choloepus_didactylus	27675	54527	54704	796	796	781
Chordeiles_acutipennis	118183	14031	15496	835	835	834
Choristoneura_fumiferana	7141	22898	22898	826	826	826
Chroicocephalus_maculipennis	287016	13945	15490	823	823	823
Chrysemys_picta	8479	57048	57292	959	959	948
Chrysochloris_asiatica	185453	25227	25375	926	926	907
Chrysoperla_carnea	189513	17649	17649	949	949	949
Chunga_burmeisteri	1352770	14415	15895	854	854	854
Ciccaba_nigrolineata	1118524	13842	15524	818	818	815
Cimex_lectularius	79782	24194	24194	945	945	939
Cinara_cedri	506608	22234	22497	875	875	875
Cinclus_mexicanus	161649	13497	15131	823	823	818
Ciona_intestinalis	7719	21096	21096	922	922	891
Circaetus_pectoralis	321084	14150	15855	849	849	849
Cisticola_juncidis	52622	13396	15071	811	811	808
Clarias_gariepinus	13013	40777	41027	927	927	924
Clarias_magur	1594786	23712	23712	788	788	470
Climacteris_rufus	47695	14096	15620	839	839	838
Cloeon_dipterum	197152	30082	30161	926	926	926
Clonorchis_sinensis	79923	14408	14408	817	817	814
Clunio_marinus	568069	22620	22620	913	913	912
Clupea_harengus	7950	46831	47030	886	886	878
Cnemophilus_loriae	254448	14124	15866	837	837	830
Coccinella_septempunctata	41139	23111	23111	945	945	943
Cochlearius_cochlearius	110676	14064	15455	838	838	838
Colias_croceus	72248	20988	20988	966	966	965
Colius_striatus	57412	15797	15809	849	849	742
Colletes_gigas	935657	18601	18601	955	955	952
Collichthys_lucidus	240159	28508	28508	689	689	689
Colobus_angolensis	54131	38656	38775	914	914	883
Colossoma_macropomum	42526	43618	43938	910	910	899
Columba_livia	8932	32506	32532	899	899	824
Columbina_picui	115618	12298	14192	757	757	757
Condylura_cristata	143302	29166	29250	929	929	916
Contarinia_nasturtii	265458	24963	24963	939	939	937
Copidosoma_floridanum	29053	17308	17308	921	921	911
Copsychus_sechellarum	797021	14408	16238	877	877	877
Coptotermes_formosanus	36987	12984	12984	913	913	884
Corapipo_altera	415028	39226	39239	913	913	900
Coregonus_clupeaformis	59861	76885	77069	401	401	384
Corvus_brachyrhynchos	85066	29421	29441	885	885	857
Corvus_cornix	181096	36899	36913	867	867	818
Corvus_hawaiiensis	134902	43147	43185	933	933	921
Corvus_kubaryi	68294	41335	41343	861	861	858
Corvus_moneduloides	1196302	43047	43081	929	929	918
Coryphaenoides_rupestris	163118	38853	38853	888	888	886
Corythaeola_cristata	103954	11515	13452	698	698	698
Corythaixoides_concolor	103956	14239	15729	839	839	839
Cotesia_congregata	51543	13989	14126	897	897	897
Cotesia_glomerata	32391	25331	25331	947	947	940
Cotesia_typhae	2053667	8423	8597	738	738	737
Cottoperca_gobio	56716	37849	37909	867	867	850
Coturnix_japonica	93934	40894	40934	941	941	921
Crassostrea_angulata	558553	49950	49950	949	949	947
Crassostrea_gigas	29159	63341	63341	907	907	898
Crassostrea_virginica	6565	60213	60213	683	683	596
Cricetulus_griseus	10029	37524	37784	894	894	665
Crocodylus_porosus	8502	28676	28686	875	875	863
Crocuta_crocuta	9678	17057	19698	831	831	828
Crotalus_adamanteus	8729	796	796	0	0	NA
Crotalus_tigris	88082	51661	51843	954	954	951
Crotophaga_sulcirostris	33598	13871	15262	841	841	841
Cryptotermes_secundus	105785	26728	26728	947	947	940
Crypturellus_soui	458187	14176	15595	825	825	825
Crypturellus_undulatus	48396	14065	15484	831	831	831
Ctenocephalides_felis	7515	21954	21954	576	576	538
Ctenopharyngodon_idella	7959	59198	59323	905	905	897
Cuculus_canorus	55661	16796	16805	901	901	845
Culex_pipiens	7175	25920	25920	904	904	901
Culex_quinquefasciatus	7176	18883	18883	882	882	881
Cyanistes_caeruleus	156563	31326	31355	900	900	882
Cyclopterus_lumpus	8103	38625	38667	928	928	909
Cygnus_atratus	8868	36827	36879	921	921	913
Cygnus_olor	8869	47794	47851	921	921	889
Cylicostephanus_goldi	71465	13791	13906	468	468	429
Cynoglossus_semilaevis	244447	39239	39251	932	932	891
Cyphomyrmex_costatus	456900	15690	15690	959	959	950
Cyprinodon_tularosa	77115	42363	42560	937	937	934
Cyprinodon_variegatus	28743	36524	36633	928	928	913
Cyprinus_carpio	7962	80686	80987	282	282	259
Daktulosphaira_vitifoliae	58002	29510	29510	915	915	914
Dallia_pectoralis	75939	34041	34046	873	873	873
Danaus_chrysippus	151541	19635	19635	953	953	929
Danaus_plexippus	13037	15232	15232	934	934	928
Danio_aesculapii	1142201	36526	36666	906	906	881
Danio_rerio	7955	52829	52917	914	914	632
Danionella_translucida	623744	35381	35770	898	898	879
Daphnia_galeata	27404	15649	15845	894	894	890
Daphnia_magna	35525	28221	28221	880	880	858
Daphnia_pulex	6669	27985	27985	929	929	925
Daphnia_pulicaria	35523	27597	27597	917	917	910
Daphnia_sinensis	1820382	16955	16955	920	920	920
Daphoenositta_chrysoptera	254528	13879	15545	832	832	828
Darwinula_stevensoni	69355	15624	15746	854	854	848
Dasyornis_broadbenti	243059	14397	16095	861	861	859
Dasypus_novemcinctus	9361	38156	38498	927	927	879
Delphinapterus_leucas	9749	50490	50540	938	938	934
Dendroctonus_ponderosae	77166	20551	20551	910	910	835
Dendrolimus_kikuchii	765133	15321	15321	925	925	925
Dendronephthya_gigantea	151771	28741	28741	844	844	833
Denticeps_clupeoides	299321	50058	50150	839	839	831
Dermacentor_andersoni	34620	36216	36216	932	932	931
Dermacentor_silvarum	543639	36397	36397	905	905	893
Dermatophagoides_farinae	6954	12615	12615	898	898	857
Dermatophagoides_pteronyssinus	6956	12837	12837	892	892	879
Dermochelys_coriacea	27794	55150	55241	947	947	912
Desmodus_rotundus	9430	44446	44497	914	914	838
Desmophyllum_pertusum	174260	37484	37484	875	875	873
Diabrotica_balteata	107213	15923	15923	904	904	903
Diabrotica_virgifera	50389	28061	28061	936	936	818
Diachasma_alloeum	454923	19064	19064	962	962	953
Diaphorina_citri	121845	24727	24727	837	837	781
Diatraea_saccharalis	40085	16172	16172	951	951	951
Dibothriocephalus_latus	60516	19930	19966	652	652	533
Dicaeum_eximium	667154	13650	15738	827	827	825
Dicentrarchus_labrax	13489	54417	54655	926	926	919
Dicrocoelium_dendriticum	57078	16905	16907	676	676	671
Dicrurus_megarhynchus	450177	14257	15991	843	843	841
Dictyocaulus_viviparus	29172	14171	14171	808	808	799
Didymodactylos_carnosus	1234261	46863	46863	677	677	655
Dimorphilus_gyrociliatus	2664684	16175	16378	888	888	888
Dinoponera_quadriceps	609295	22408	22408	955	955	949
Dinothrombium_tinctorium	1965070	19024	19024	516	516	515
Diploscapter_pachys	2018661	38423	38423	383	383	383
Dipodomys_ordii	10020	29351	29552	942	942	926
Dipodomys_spectabilis	105255	37300	37670	909	909	905
Diprion_similis	362088	20442	20442	941	941	940
Dirofilaria_immitis	6287	9741	9741	815	815	815
Dissostichus_eleginoides	100907	35554	35554	863	863	855
Dissostichus_mawsoni	36200	29240	29240	842	842	652
Ditylenchus_destructor	166010	21283	21283	774	774	774
Diuraphis_noxia	143948	17476	17476	894	894	526
Donacobius_atricapilla	237420	13746	15376	814	814	814
Dracunculus_medinensis	318479	10879	10969	858	858	761
Dreissena_polymorpha	45954	75288	75288	780	780	772
Dromaius_novaehollandiae	8790	31311	31330	920	920	573
Dromas_ardeola	458190	13904	15330	825	825	824
Dromiciops_gliroides	33562	43302	43431	854	854	801
Drosophila_albomicans	7291	24248	24248	954	954	937
Drosophila_ananassae	7217	25915	25915	958	958	955
Drosophila_arizonae	7263	19500	19500	922	922	856
Drosophila_biarmipes	125945	26154	26154	955	955	954
Drosophila_bipectinata	42026	21079	21079	948	948	943
Drosophila_bunnanda	244254	12184	12184	867	867	861
Drosophila_busckii	30019	19109	19109	939	939	934
Drosophila_elegans	30023	23444	23444	959	959	955
Drosophila_erecta	7220	23135	23135	954	954	952
Drosophila_eugracilis	29029	22460	22460	954	954	942
Drosophila_ficusphila	30025	22110	22110	957	957	930
Drosophila_grimshawi	7222	14986	14986	925	925	925
Drosophila_guanche	7266	22824	22824	952	952	948
Drosophila_gunungcola	103775	24987	24987	952	952	918
Drosophila_hydei	7224	21429	21429	934	934	933
Drosophila_innubila	198719	19534	19534	945	945	934
Drosophila_ironensis	2848634	12677	12677	878	878	867
Drosophila_kikkawai	30033	22799	22799	952	952	948
Drosophila_mauritiana	7226	23239	23239	954	954	953
Drosophila_melanogaster	7227	30493	30493	956	956	941
Drosophila_miranda	7229	32149	32149	820	820	818
Drosophila_mojavensis	7230	23305	23305	952	952	952
Drosophila_navojoa	7232	20344	20344	949	949	944
Drosophila_novamexicana	47314	20149	20149	934	934	933
Drosophila_obscura	7282	23284	23284	946	946	935
Drosophila_pandora	1867034	13780	13780	862	862	856
Drosophila_persimilis	7234	20342	20342	941	941	938
Drosophila_pseudoobscura	7237	23456	23456	931	931	918
Drosophila_pseudotakahashii	193234	13080	13080	882	882	872
Drosophila_rhopaloa	1041015	23428	23428	953	953	948
Drosophila_rubida	30044	11848	11848	890	890	880
Drosophila_santomea	129105	24461	24461	952	952	950
Drosophila_sechellia	7238	23935	23935	952	952	950
Drosophila_serrata	7274	20941	20941	932	932	849
Drosophila_setifemur	2848635	12430	12430	907	907	901
Drosophila_simulans	7240	26225	26225	955	955	953
Drosophila_subobscura	7241	22475	22475	952	952	939
Drosophila_subpulchrella	1486046	25688	25688	942	942	941
Drosophila_suzukii	28584	23160	23160	881	881	864
Drosophila_takahashii	29030	20007	20007	944	944	938
Drosophila_teissieri	7243	22853	22853	943	943	939
Drosophila_virilis	7244	23429	23429	936	936	932
Drosophila_willistoni	7260	21170	21170	938	938	936
Drosophila_yakuba	7245	25398	25398	953	953	952
Drymodes_brunneopygia	626378	13565	15254	812	812	809
Dryobates_pubescens	118200	15826	15830	876	876	835
Dryococelus_australis	614101	33111	33111	536	536	516
Dryoscopus_gambensis	85069	12314	14072	752	752	749
Dufourea_novaeangliae	178035	12157	12157	971	971	942
Dunckerocampus_dactyliophorus	161453	48560	48579	930	930	927
Echeneis_naucrates	173247	38188	38340	921	921	916
Echinococcus_granulosus	6210	11319	11319	801	801	801
Echinococcus_multilocularis	6211	10656	10657	747	747	747
Echinops_telfairi	9371	32083	32137	894	894	864
Echinostoma_caproni	27848	18599	18607	753	753	596
Eciton_burchellii	213866	12562	12562	951	951	941
Edolisoma_coerulescens	2585810	13682	15773	819	819	816
Egretta_garzetta	188379	23679	23693	867	867	817
Elachura_formosa	1463973	14015	15613	820	820	820
Electrophorus_electricus	8005	45294	45431	918	918	908
Elephantulus_edwardii	28737	25209	25317	861	861	836
Elephas_maximus	9783	53692	53885	941	941	940
Eleutherodactylus_coqui	57060	34542	34542	950	950	945
Elysia_chlorotica	188477	23871	23871	936	936	933
Elysia_marginata	1093978	70752	70752	942	942	932
Emberiza_fucata	337179	13208	15183	789	789	789
Empidonax_traillii	164674	33999	34029	908	908	897
Engystomops_pustulosus	76066	64871	64871	895	895	893
Enhydra_lutris	34882	36603	36734	944	944	937
Enterobius_vermicularis	51028	12844	12895	862	862	834
Enteromyxum_leei	188704	13	13	0	0	NA
Eolophus_roseicapilla	176039	13336	15243	795	795	795
Ephemera_danica	1049336	18562	18562	891	891	721
Epinephelus_fuscoguttatus	293821	45198	45301	932	932	926
Epinephelus_lanceolatus	310571	42970	43029	925	925	906
Epinephelus_moara	300413	42851	42926	929	929	924
Episyrphus_balteatus	286459	23026	23026	954	954	954
Eptesicus_fuscus	29078	38834	39013	904	904	904
Equus_asinus	9793	42247	42462	950	950	947
Equus_caballus	9796	60900	61177	941	941	929
Equus_przewalskii	9798	38416	38627	941	941	918
Equus_quagga	89248	48865	49056	914	914	913
Erinaceus_europaeus	9365	29382	29483	936	936	924
Eriocheir_sinensis	95602	54884	54884	890	890	885
Erpetoichthys_calabaricus	27687	40209	40367	961	961	951
Erpornis_zantholeuca	1112836	13321	15087	813	813	809
Erythrocercus_mccallii	107208	14054	15791	841	841	841
Esox_lucius	8010	58111	58192	908	908	857
Etheostoma_cragini	417921	45178	45242	921	921	917
Etheostoma_spectabile	54343	45686	45778	851	851	817
Eublepharis_macularius	481883	34188	34269	958	958	955
Eubucco_bourcierii	91767	14172	15602	871	871	871
Eudyptes_chrysocome	79626	12871	14218	733	733	733
Eudyptes_chrysolophus	79627	15079	16152	751	751	751
Eudyptes_filholi	1419345	12955	13993	747	747	747
Eudyptes_moseleyi	2495534	15514	16610	880	880	878
Eudyptes_schlegeli	57240	15790	16951	883	883	882
Eudyptes_sclateri	92688	12811	13831	726	726	726
Eudyptula_albosignata	345258	15477	17226	789	789	789
Eudyptula_minor	37083	15672	17556	783	783	783
Eudyptula_novaehollandiae	2052820	15149	16969	816	816	816
Eufriesea_mexicana	516756	15659	15659	946	946	929
Eulacestoma_nigropectus	461239	14313	16059	851	851	850
Eumeta_japonica	151549	96513	96513	847	847	843
Eumetopias_jubatus	34886	39926	39994	921	921	918
Eupeodes_corollae	290404	22320	22320	953	953	952
Euphydryas_editha	104508	26018	26018	945	945	945
Euroglyphus_maynei	6958	15257	15257	815	815	811
Eurypyga_helias	54383	15656	15669	822	822	719
Eurystomus_gularis	325343	13953	15305	817	817	815
Eurytemora_affinis	88015	30425	30425	902	902	841
Exaiptasia_diaphana	2652724	27753	27753	908	908	231
Falco_biarmicus	345155	41502	41530	900	900	892
Falco_cherrug	345164	42962	42980	910	910	906
Falco_naumanni	148594	41132	41160	919	919	917
Falco_peregrinus	8954	41990	42014	911	911	897
Falco_rusticolus	120794	41389	41414	925	925	907
Falcunculus_frontatus	254539	14459	16010	848	848	847
Fasciolopsis_buski	27845	11837	11837	805	805	798
Felis_catus	9685	54726	54812	955	955	942
Ficedula_albicollis	59894	26464	26481	894	894	884
Folsomia_candida	158441	37114	37114	914	914	913
Fopius_arisanus	64838	18906	18906	967	967	943
Formica_exsecta	72781	22509	22509	926	926	905
Formicarius_rufipectus	1118560	13609	15393	842	842	842
Fragariocoptes_setiger	1670756	3058	3058	374	374	374
Frankliniella_occidentalis	133901	27492	27492	960	960	934
Fregata_magnificens	37042	13189	14822	783	783	780
Fregetta_grallaria	79628	13517	15459	782	782	782
Frieseomelitta_varia	561572	23628	23628	962	962	961
Fukomys_damarensis	885580	47201	47380	939	939	927
Fulmarus_glacialis	30455	16240	16251	848	848	758
Fundulus_heteroclitus	8078	49534	49787	895	895	883
Furnarius_figulus	463165	13878	15452	846	846	845
Gadus_morhua	8049	45039	45098	935	935	911
Galbula_dea	1109041	14674	16106	888	888	888
Galemys_pyrenaicus	202257	20909	20936	923	923	824
Galendromus_occidentalis	34638	11873	11873	893	893	867
Galeopterus_variegatus	482537	32104	32364	919	919	885
Galleria_mellonella	7137	23155	23155	959	959	951
Gallus_gallus	9031	49673	49772	932	932	797
Gambusia_affinis	33528	49230	49373	933	933	926
Gasterosteus_aculeatus	69293	45395	45534	920	920	900
Gavia_stellata	37040	15697	15709	839	839	725
Gavialis_gangeticus	94835	27294	27317	859	859	849
Gekko_japonicus	146911	24464	24536	949	949	907
Geococcyx_californianus	8947	13481	14734	797	797	797
Geospiza_fortis	48883	20619	20627	885	885	838
Geotrypetes_seraphini	260995	50018	50054	926	926	912
Gigantopelta_aegis	1735272	33249	33249	934	934	922
Girardinichthys_multiradiatus	208333	48638	48818	887	887	886
Glareola_pratincola	43316	13787	15334	836	836	836
Glaucidium_brasilianum	78217	14195	15602	854	854	854
Globicephala_melas	9731	54546	54607	941	941	938
Glossina_fuscipes	7396	22320	22320	939	939	933
Gongylonema_pulchrum	637853	27123	27158	724	724	558
Gonioctena_quinquepunctata	63699	40565	40565	919	919	918
Gopherus_evgoodei	1825980	50852	51007	946	946	918
Gopherus_flavomarginatus	286002	53745	53896	960	960	956
Gorilla_gorilla	9593	51652	51793	922	922	913
Gouania_willdenowi	441366	43478	43489	903	903	882
Gracilinanus_agilis	191870	28926	29049	877	877	867
Grallaria_varia	117165	13918	15487	842	842	839
Grammomys_surdaster	491861	38183	38463	908	908	905
Grantiella_picta	266360	14078	15742	857	857	857
Grus_americana	9117	49146	49200	955	955	952
Gryllus_bimaculatus	6999	25032	25032	913	913	911
Gulo_gulo	48420	9727	9727	730	730	730
Gymnodraco_acuticeps	8218	45727	45847	898	898	843
Gymnogyps_californianus	33616	25288	25333	883	883	843
Gymnorhina_tibicen	9132	14317	16013	838	838	832
Habropoda_laboriosa	597456	12256	12256	964	964	911
Haemaphysalis_longicornis	44386	25651	25651	663	663	663
Haemonchus_placei	6290	21425	21928	842	842	758
Halcyon_senegalensis	342381	14274	15694	852	852	852
Haliaeetus_albicilla	8969	19224	19236	849	849	756
Haliaeetus_leucocephalus	52644	25265	25280	932	932	920
Halichoerus_grypus	9711	60137	60231	878	878	835
Haliotis_rubra	36100	43422	43422	917	917	818
Haliotis_rufescens	6454	55609	55609	957	957	957
Halotydeus_destructor	2874060	14583	14583	887	887	887
Halyomorpha_halys	286706	25026	25026	947	947	931
Haplochromis_burtoni	8153	48919	49023	916	916	885
Harmonia_axyridis	115357	23861	23861	923	923	922
Harpegnathos_saltator	610380	26784	26784	945	945	944
Harpia_harpyja	202280	44808	44852	937	937	921
Helicoverpa_armigera	29058	28010	28010	916	916	904
Helicoverpa_zea	7113	23696	23696	964	964	962
Heliornis_fulica	54369	13543	14993	814	814	810
Helobdella_robusta	6412	23368	23368	914	914	914
Hemibagrus_wyckioides	337641	22794	22794	913	913	913
Hemicordylus_capensis	884348	71278	71338	955	955	955
Henneguya_salminicola	69463	8187	8187	425	425	425
Hermetia_illucens	343691	24828	24828	969	969	963
Herpetotheres_cachinnans	56343	14335	15806	862	862	862
Heterocephalus_glaber	10181	60814	60912	935	935	910
Heterotrigona_itama	395501	9722	12314	698	698	524
Hippocampus_comes	109280	41961	41983	945	945	936
Hippocampus_zosterae	109293	42893	42902	932	932	928
Hippoglossus_hippoglossus	8267	47030	47083	928	928	921
Hippoglossus_stenolepis	195615	42078	42138	935	935	932
Hippolais_icterina	68497	13649	15369	811	811	808
Hipposideros_armiger	186990	45789	45923	931	931	913
Hirundo_rustica	43150	37939	37958	914	914	899
Holotrichia_oblita	644536	19334	19334	451	451	451
Homalodisca_vitripennis	197043	31163	31163	783	783	759
Homarus_americanus	6706	40732	40732	941	941	885
Homo_sapiens	9606	113620	114507	947	947	932
Horornis_vulcanius	2585811	9896	11388	654	654	652
Hyaena_hyaena	95912	41367	41482	920	920	912
Hyalella_azteca	294128	22614	22614	923	923	874
Hyalomma_asiaticum	266040	29644	29657	751	751	751
Hydatigera_taeniaeformis	6205	11598	11649	802	802	720
Hydra_vulgaris	6087	32703	32703	922	922	909
Hylia_prasina	208073	13461	15213	799	799	797
Hylobates_moloch	81572	54438	54573	882	882	878
Hymenochirus_boettgeri	247094	28027	28027	939	939	938
Hypocryptadius_cinnamomeus	589841	12390	13837	770	770	768
Hypomesus_transpacificus	137520	38428	38495	854	854	849
Hyposmocoma_kahamanoa	1477025	20437	20437	928	928	922
Hypsibius_exemplaris	2072580	20853	20860	890	890	889
Ibidorhyncha_struthersii	425643	13853	15486	824	824	822
Ictalurus_furcatus	66913	44245	44470	902	902	900
Ictalurus_punctatus	7998	50969	51173	889	889	796
Ictidomys_tridecemlineatus	43179	55882	56003	929	929	921
Ifrita_kowaldi	461245	14022	15552	836	836	835
Ignelater_luminosus	2038154	27558	27558	905	905	898
Illadopsis_cleaveri	201329	13414	15145	817	817	811
Indicator_indicator	1002788	20192	20199	894	894	886
Indicator_maculatus	545262	13966	15390	862	862	861
Intoshia_linei	1819745	8724	8724	662	662	662
Iphiclides_podalirius	110791	20212	20212	836	836	836
Irena_cyanogastra	175120	14236	16049	838	838	835
Ischnura_elegans	197161	27076	27076	969	969	969
Ixodes_persulcatus	34615	28396	28510	826	826	801
Ixodes_scapularis	6945	32572	32572	845	845	827
Jacana_jacana	54508	13240	14651	797	797	792
Jaculus_jaculus	51337	44841	44894	841	841	834
Kryptolebias_marmoratus	37003	42533	42570	941	941	928
Kudoa_iwatai	269814	10	10	0	0	NA
Labeo_rohita	84645	47439	47779	916	916	903
Labrus_bergylta	56723	36555	36848	868	868	762
Lacerta_agilis	80427	39267	39306	923	923	893
Ladona_fulva	123851	18840	18840	941	941	767
Lagenorhynchus_obliquidens	90247	54600	54651	944	944	941
Lagopus_leucura	30410	33183	33208	914	914	895
Lagopus_muta	64668	43798	43848	914	914	898
Lamellibrachia_satsuma	104711	32394	32394	943	943	943
Lampris_incognitus	2546036	29527	29635	917	917	915
Lamprotornis_superbus	245042	14256	14846	836	836	831
Lanius_ludovicianus	28713	13688	15437	825	825	821
Larimichthys_crocea	215358	46335	46391	931	931	926
Larus_smithsonianus	243888	14080	15341	827	827	827
Lasius_niger	67767	18247	18247	841	841	811
Lates_calcarifer	8187	45223	45427	891	891	878
Latimeria_chalumnae	7897	34251	34340	956	956	776
Leguminivora_glycinivorella	1035111	23735	23735	899	899	820
Leiothrix_lutea	36275	13282	15309	786	786	786
Lemur_catta	9447	45154	45273	916	916	911
Leopardus_geoffroyi	46844	67505	67613	944	944	938
Lepeophtheirus_salmonis	72036	20654	20654	890	890	872
Lepidothrix_coronata	321398	36671	36686	912	912	899
Lepisosteus_oculatus	7918	41647	41719	946	946	934
Leptidea_sinapis	189913	22285	22285	953	953	953
Leptinotarsa_decemlineata	7539	19038	19038	926	926	849
Leptocoma_aspasia	2585812	13732	15795	829	829	828
Leptonychotes_weddellii	9713	40286	40334	918	918	892
Leptopilina_boulardi	63433	23859	23859	962	962	961
Leptopilina_heterotoma	63436	24645	24645	961	961	961
Leptosomus_discolor	188344	16371	16384	848	848	758
Leptotrombidium_deliense	299467	14667	14667	869	869	866
Leucoraja_erinacea	7782	36230	36284	914	914	898
Limosa_lapponica	161683	23009	23009	712	712	709
Limulus_polyphemus	6850	38676	38676	869	869	841
Linepithema_humile	83485	21674	21674	960	960	933
Lingula_anatina	7574	41392	41392	730	730	710
Liparis_tanakae	230148	68289	68289	866	866	866
Lipotes_vexillifer	118797	25953	25982	932	932	891
Lithobates_catesbeianus	8400	28771	28771	556	556	556
Loa_loa	7209	15440	15440	878	878	878
Locustella_ochotensis	187437	13928	15665	831	831	831
Lonchura_striata	40157	29134	29150	944	944	922
Lontra_canadensis	76717	48337	48471	904	904	899
Lophotis_ruficrista	172689	13916	15292	829	829	829
Lottia_gigantea	225164	23822	23831	943	943	943
Loxia_curvirostra	64802	14578	16361	866	866	861
Loxia_leucoptera	96539	13993	15803	827	827	818
Loxodonta_africana	9785	41267	41482	950	950	905
Lucifuga_dentata	670423	29968	29968	889	889	879
Lucilia_cuprina	7375	18864	18864	968	968	964
Lucilia_sericata	13632	23700	23700	888	888	853
Lutra_lutra	9657	57487	57607	880	880	856
Lutzomyia_longipalpis	7200	20287	20287	956	956	952
Lynx_canadensis	61383	42066	42155	939	939	883
Lynx_pardinus	191816	31025	31025	920	920	911
Lynx_rufus	61384	38579	38697	941	941	941
Lytechinus_pictus	7653	27757	27757	699	699	676
Lytechinus_variegatus	7654	33682	33682	789	789	784
Macaca_fascicularis	9541	73371	73577	889	889	883
Macaca_mulatta	9544	67976	68172	928	928	881
Macaca_nemestrina	9545	66484	66722	938	938	907
Macaca_thibetana	54602	62468	62648	885	885	878
Machaerirhynchus_nigripectus	1160894	13969	15706	818	818	816
Macrosteles_quadrilineatus	74068	34269	34269	609	609	607
Macrostomum_lignano	282301	49018	49018	90	90	90
Malaclemys_terrapin	8485	44760	44948	955	955	951
Malurus_elegans	720584	14038	15586	849	849	848
Manacus_candei	415023	44973	45016	939	939	926
Manacus_vitellinus	328815	24616	24624	868	868	823
Mandrillus_leucophaeus	9568	38336	38534	930	930	903
Manduca_sexta	7130	24854	24854	854	854	827
Maniola_hyperantus	2795564	17675	17675	959	959	944
Maniola_jurtina	191418	25734	25734	961	961	957
Manis_javanica	9974	55869	55934	934	934	926
Manis_pentadactyla	143292	58167	58229	918	918	913
Marmota_flaviventris	93162	37627	37793	895	895	894
Marmota_marmota	9993	56596	56804	902	902	882
Marmota_monax	9995	50783	51018	880	880	878
Mastacembelus_armatus	205130	42270	42594	927	927	925
Mastomys_coucha	35658	54407	54522	939	939	932
Mauremys_mutica	74926	54920	55334	927	927	923
Mauremys_reevesii	260615	67501	67787	951	951	942
Maylandia_zebra	106582	46173	46358	907	907	905
Medioppia_subpectinata	1979941	23374	23681	757	757	748
Megachile_rotundata	143995	26024	26024	960	960	957
Megadyptes_antipodes	37085	14596	16328	816	816	816
Megalobrama_amblycephala	75352	59927	60670	916	916	898
Megalops_atlanticus	7932	23905	23905	793	793	793
Megalops_cyprinoides	118141	40137	40195	800	800	798
Megalopta_genalis	115081	22381	22381	929	929	907
Megalurothrips_usitatus	439358	12782	12782	857	857	851
Melanaphis_sacchari	742174	19074	19074	926	926	921
Melanocharis_versteri	254552	13985	15648	832	832	822
Melanotaenia_boesemani	1250792	45791	46013	935	935	931
Meleagris_gallopavo	9103	29660	29710	906	906	871
Meles_meles	9662	50518	50628	902	902	899
Melipona_quadrifasciata	166423	14257	14257	896	896	895
Melitaea_cinxia	113334	14667	14667	966	966	959
Meloidogyne_enterolobii	390850	59773	59773	109	109	108
Meloidogyne_graminicola	189291	10198	10198	597	597	597
Melopsittacus_undulatus	13146	29165	29187	945	945	939
Melospiza_melodia	44397	14000	16856	806	806	806
Melozone_crissalis	40204	27114	27338	930	930	916
Menidia_menidia	238744	21493	21493	805	805	757
Menura_novaehollandiae	47692	14444	16027	845	845	845
Mercenaria_mercenaria	6596	60841	60841	906	906	886
Meriones_unguiculatus	10047	38763	38999	885	885	878
Merops_nubicus	57421	15431	15460	819	819	718
Mesembrinibis_cayennensis	1118748	13877	15762	827	827	825
Mesitornis_unicolor	54374	16646	16661	861	861	773
Mesocestoides_corti	53468	10577	10614	823	823	735
Mesocricetus_auratus	10036	53064	53304	899	899	899
Microcaecilia_unicolor	1415580	37109	37174	919	919	880
Microplitis_demolitor	69319	20167	20167	951	951	951
Micropterus_dolomieu	147949	48260	48455	936	936	920
Micropterus_salmoides	27706	47899	48385	858	858	832
Microtus_fortis	100897	47830	48087	866	866	856
Microtus_ochrogaster	79684	37795	37971	937	937	925
Microtus_oregoni	111838	50326	50590	786	786	785
Miniopterus_natalensis	291302	29787	29861	958	958	948
Mionectes_macconnelli	254557	14186	15664	849	849	849
Mirounga_angustirostris	9716	42520	42591	888	888	883
Mirounga_leonina	9715	45186	45230	876	876	875
Mischocyttarus_mexicanus	91405	17033	17033	868	868	867
Misgurnus_anguillicaudatus	75329	53917	54278	895	895	882
Mizuhopecten_yessoensis	6573	41567	41567	947	947	939
Mohoua_ochrocephala	874463	13579	15105	799	799	799
Molossus_molossus	27622	42753	42794	903	903	898
Molothrus_ater	84834	28498	28503	926	926	894
Monodelphis_domestica	13616	49112	49302	932	932	907
Monodon_monoceros	40151	45047	45097	935	935	930
Monomorium_pharaonis	307658	29165	29165	938	938	933
Monopterus_albus	43700	40334	40372	938	938	884
Morone_saxatilis	34816	30912	30918	890	890	748
Moschus_berezovskii	68408	45574	45649	864	864	852
Motacilla_alba	45807	42246	42301	894	894	883
Mugil_cephalus	48193	44626	44782	922	922	921
Muntiacus_muntjak	9888	25737	25737	875	875	873
Muraenolepis_orangiensis	630683	34850	34850	864	864	852
Mus_caroli	10089	47409	47577	940	940	908
Mus_musculus	10090	76226	77058	940	940	939
Mus_pahari	10093	42226	42393	938	938	922
Musca_domestica	7370	21304	21304	944	944	908
Muscidifurax_raptorellus	51938	13	13	0	0	NA
Mustela_erminea	36723	60443	60556	915	915	906
Mustela_putorius	9668	57554	57696	911	911	907
Mya_arenaria	6604	61919	61919	784	784	783
Myiagra_hebetior	381031	13909	15674	828	828	823
Myiozetetes_cayanensis	478635	35678	35689	957	957	915
Myodes_glareolus	447135	46944	47127	852	852	844
Myotis_brandtii	109478	40808	40937	890	890	857
Myotis_davidii	225400	33106	33196	933	933	888
Myotis_lucifugus	59463	43106	43257	904	904	861
Myotis_myotis	51298	61156	61234	861	861	857
Myripristis_murdjan	586833	38141	38366	917	917	908
Mystacornis_crossleyi	98133	10577	11950	677	677	675
Mythimna_separata	271217	17542	17542	949	949	949
Mytilus_californianus	6549	49739	49739	934	934	930
Myxobolus_squamalis	59785	5723	5723	342	342	339
Myxocyprinus_asiaticus	70543	81143	81313	303	303	302
Myzus_persicae	13164	23910	23910	909	909	902
Naja_naja	35670	25817	25817	919	919	903
Nannospalax_galili	1026970	47817	48035	949	949	906
Nanorana_parkeri	125878	24758	24819	946	946	923
Nasonia_vitripennis	7425	24846	24846	945	945	860
Necator_americanus	51031	19153	19153	799	799	798
Nematolebias_whitei	451745	24104	24108	931	931	866
Nematostella_vectensis	45351	32370	32370	941	941	938
Neodiprion_fabricii	2872261	27443	27443	969	969	969
Neodiprion_lecontei	441921	28581	28581	967	967	967
Neodiprion_pinetum	441929	28705	28705	967	967	967
Neodiprion_virginianus	2961670	27752	27752	964	964	964
Neodrepanis_coruscans	254563	8840	9824	581	581	580
Neogale_vison	452646	44272	44368	902	902	898
Neolamprologus_brichardi	32507	36390	36452	927	927	902
Neomonachus_schauinslandi	29088	28381	28431	928	928	921
Neopelma_chrysocephalum	114329	39443	39483	920	920	896
Neophocaena_asiaeorientalis	189058	38119	38173	942	942	922
Neopipo_cinnamomea	456388	14004	15594	849	849	849
Neotoma_lepida	56216	24320	24320	879	879	644
Nephila_pilipes	299642	72441	72441	855	855	851
Nesidiocoris_tenuis	355587	24668	24668	538	538	519
Nesospiza_acunhae	381881	14089	16451	836	836	833
Nestor_notabilis	176057	15873	15886	844	844	760
Nezara_viridula	85310	20098	20099	870	870	869
Nibea_albiflora	240163	15965	23345	694	694	676
Nicator_chloris	237433	13597	15134	820	820	819
Nicrophorus_vespilloides	110193	19577	19577	959	959	953
Nilaparvata_lugens	108931	32453	32453	885	885	857
Nipponia_nippon	128390	17089	17103	902	902	850
Nomascus_leucogenys	61853	51330	51472	937	937	934
Nomia_melanderi	2448451	25323	25323	964	964	958
Notechis_scutatus	8663	31232	31291	942	942	930
Nothobranchius_furzeri	105023	36873	36915	943	943	880
Nothocercus_julius	2585813	13366	14778	820	820	819
Nothocercus_nigrocapillus	1977171	13113	14502	804	804	804
Nothoprocta_ornata	83376	13727	14967	846	846	846
Nothoprocta_pentlandii	2585814	13407	14572	817	817	817
Nothoprocta_perdicaria	30464	21504	21515	917	917	598
Notiomystis_cincta	366454	13651	15126	828	828	827
Notodromas_monacha	399045	14067	14121	807	807	806
Notolabrus_celidotus	1203425	39434	39563	886	886	854
Notothenia_coriiceps	8208	32182	32201	875	875	855
Numida_meleagris	8996	43240	43271	926	926	889
Nyctereutes_procyonoides	34880	27168	27168	890	890	890
Nyctibius_bracteatus	48426	13957	15627	820	820	820
Nycticebus_coucang	9470	56351	56518	819	819	816
Nycticryphes_semicollaris	227226	14324	15825	853	853	853
Nyctiprogne_leucopyga	382315	13386	14986	789	789	789
Nylanderia_fulva	613905	24514	24514	934	934	778
Nymphalis_io	171585	21050	21050	968	968	968
Oceanites_oceanicus	79653	14222	15848	832	832	832
Oceanodroma_tethys	79633	14013	15643	825	825	816
Ochotona_curzoniae	130825	41968	42075	877	877	876
Ochotona_princeps	9978	29688	29729	917	917	899
Octodon_degus	10160	42423	42600	873	873	849
Octopus_bimaculoides	37653	23994	23994	948	948	930
Octopus_sinensis	2607531	36112	36112	953	953	944
Odocoileus_virginianus	9874	48221	48326	925	925	912
Odontomachus_brunneus	486640	29175	29175	947	947	942
Odontophorus_gujanensis	886794	13830	15407	845	845	844
Oedothorax_gibbosus	931172	32682	32682	921	921	920
Oenanthe_oenanthe	279966	13570	15622	818	818	817
Oesophagostomum_dentatum	61180	25289	25289	697	697	684
Oikopleura_dioica	34765	18751	18794	760	760	760
Onchocerca_flexuosa	387005	8140	8140	639	639	639
Oncorhynchus_gorbuscha	8017	80331	80401	475	475	458
Oncorhynchus_keta	8018	116201	116275	489	489	478
Oncorhynchus_kisutch	8019	89277	89356	432	432	425
Oncorhynchus_mykiss	8022	97743	97900	409	409	394
Oncorhynchus_nerka	8023	68584	68670	491	491	485
Oncorhynchus_tshawytscha	74940	82597	82681	488	488	466
Onthophagus_taurus	166361	21668	21668	931	931	931
Onychomys_torridus	38674	43242	43554	913	913	904
Onychorhynchus_coronatus	360224	14358	15806	852	852	852
Onychostoma_macrolepis	369639	24754	24754	891	891	891
Onychostruthus_taczanowskii	356909	32357	32382	944	944	923
Ooceraea_biroi	2015173	24215	24215	940	940	939
Oopsacas_minuta	111878	16413	16413	802	802	802
Ophiophagus_hannah	8665	18445	18445	769	769	757
Opisthocomus_hoazin	30419	14878	14891	828	828	767
Opisthorchis_felineus	147828	20867	20867	865	865	865
Opisthorchis_viverrini	6198	16356	16356	788	788	786
Oppia_nitens	1686743	16969	16969	916	916	851
Oppiella_nova	334625	23724	23973	758	758	749
Orbicella_faveolata	48498	32587	32587	904	904	884
Orchesella_cincta	48709	20247	20247	824	824	824
Orcinus_orca	9733	63212	63268	896	896	894
Oreocharis_arfaki	979223	13998	15477	843	843	841
Oreochromis_aureus	47969	49669	49985	930	930	927
Oreochromis_niloticus	8128	61679	62032	928	928	918
Oreotrochilus_melanogaster	689266	12134	13547	764	764	761
Origma_solitaria	720586	14477	16053	853	853	851
Oriolus_oriolus	181099	13936	15592	815	815	815
Ornithorhynchus_anatinus	9258	43095	43203	954	954	942
Orthonyx_spaldingii	38397	14292	15842	863	863	862
Orussus_abietinus	222816	19696	19696	963	963	958
Orycteropus_afer	9818	25544	25653	951	951	930
Oryctolagus_cuniculus	9986	38458	38705	889	889	722
Oryx_dammah	59534	43963	44076	869	869	867
Oryzias_javanicus	123683	21454	21454	865	865	865
Oryzias_latipes	8090	44766	44871	931	931	925
Oryzias_melastigma	30732	43112	43304	931	931	893
Osmia_bicornis	1437190	24839	24839	934	934	931
Osmia_lignaria	473952	25907	25907	960	960	956
Ostrea_edulis	37623	57349	57349	953	953	947
Ostrinia_furnacalis	93504	23871	23871	956	956	940
Otolemur_garnettii	30611	32556	32670	939	939	929
Ovis_ammon	30527	20907	20907	878	878	878
Ovis_aries	9940	42390	42628	907	907	887
Owenia_fusiformis	6347	30799	31200	928	928	914
Oxylabes_madagascariensis	98144	8998	10415	624	624	622
Oxyruncus_cristatus	114331	14046	15543	851	851	850
Oxyura_jamaicensis	8884	39795	39815	899	899	889
Pachycephala_philippinensis	449367	13335	15252	812	812	809
Pachyramphus_minor	369605	13741	15567	838	838	836
Pan_paniscus	9597	70846	70991	896	896	893
Pan_troglodytes	9598	80807	80981	942	942	902
Pandion_haliaetus	56262	12604	14179	737	737	734
Pangasianodon_gigas	30993	22017	22338	906	906	906
Pangasianodon_hypophthalmus	310915	47335	47541	918	918	918
Pangasius_djambal	1691987	22470	22482	915	915	915
Panonychus_citri	50023	14862	14862	773	773	710
Panthera_leo	9689	53278	53409	932	932	921
Panthera_pardus	9691	56348	56530	935	935	930
Panthera_tigris	9694	29473	29550	944	944	907
Panthera_uncia	29064	43841	43941	920	920	914
Pantherophis_guttatus	94885	41701	41848	957	957	949
Panurus_biarmicus	181101	12822	14599	794	794	794
Papilio_machaon	76193	18225	18225	954	954	950
Papilio_polytes	76194	16633	16633	939	939	924
Papilio_xuthus	66420	19075	19075	956	956	948
Papio_anubis	9555	71983	72195	899	899	884
Paragonimus_heterotremus	100268	12487	12487	821	821	815
Paragonimus_kellicotti	100269	12850	12850	752	752	746
Paragonimus_westermani	34504	12783	12783	802	802	802
Paralichthys_olivaceus	8255	36123	36127	934	934	915
Paramacrobiotus_metropolitanus	2943436	30867	30867	846	846	821
Parambassis_ranga	210632	40932	41023	910	910	906
Paramormyrops_kingsleyae	1676925	55288	55349	888	888	886
Paramuricea_clavata	317549	69834	69836	903	903	861
Pararge_aegeria	116150	20956	20956	966	966	961
Parasteatoda_tepidariorum	114398	33089	33089	922	922	877
Pardalotus_punctatus	254575	13671	15208	823	823	823
Parelaphostrongylus_tenuis	148309	29657	29657	798	798	791
Parnassius_apollo	110799	30102	30102	945	945	929
Parus_major	9157	38619	38630	909	909	902
Passer_montanus	9160	39149	39184	944	944	915
Passerina_amoena	142471	12985	15090	744	744	744
Patagioenas_fasciata	372321	24805	24805	907	907	903
Patella_vulgata	6465	27726	27726	864	864	863
Patiria_miniata	46514	35403	35403	907	907	892
Pecten_maximus	6579	39918	39918	921	921	902
Pectinophora_gossypiella	13191	23452	23452	956	956	955
Pediculus_humanus	121225	10775	10775	962	962	961
Pedionomus_torquatus	227192	13321	14803	807	807	806
Pelecanoides_urinatrix	37079	14766	16294	860	860	860
Pelecanus_crispus	36300	16298	16312	851	851	765
Pelodiscus_sinensis	13735	38587	38784	928	928	884
Penaeus_chinensis	139456	34830	34830	932	932	911
Penaeus_japonicus	27405	39224	39224	913	913	873
Penaeus_monodon	6687	32816	32816	860	860	656
Penaeus_vannamei	6689	33273	33273	837	837	685
Penelope_pileata	1118817	13955	15603	838	838	833
Perca_flavescens	8167	42939	43197	935	935	927
Perca_fluviatilis	8168	49921	50212	931	931	902
Periophthalmus_magnuspinnatus	409849	27511	27601	926	926	920
Periplaneta_americana	6978	27047	27047	595	595	595
Perognathus_longimembris	38669	40270	40381	879	879	871
Peromyscus_californicus	42520	51825	52107	886	886	882
Peromyscus_leucopus	10041	48177	48592	862	862	832
Peromyscus_maniculatus	10042	45588	45916	927	927	921
Petromyzon_marinus	7757	37576	37576	925	925	918
Peucedramus_taeniatus	135441	13677	15371	802	802	799
Phacochoerus_africanus	41426	48130	48234	946	946	929
Phaedon_cochleariae	80249	13464	13464	859	859	859
Phaethon_lepturus	97097	16216	16226	872	872	803
Phaetusa_simplex	297813	13260	14985	814	814	812
Phainopepla_nitens	161653	13545	15189	810	810	810
Phalacrocorax_carbo	9209	15339	15348	823	823	710
Phascolarctos_cinereus	38626	46908	47079	959	959	911
Phasianus_colchicus	9054	29007	29046	944	944	928
Pheucticus_melanocephalus	371919	12796	15291	765	765	765
Phlebotomus_papatasi	29031	20318	20318	945	945	939
Phoca_vitulina	9720	45385	45438	889	889	888
Phocoena_sinus	42100	52282	52320	893	893	865
Phodopus_roborovskii	109678	34929	35082	891	891	886
Photinus_pyralis	7054	32294	32294	814	814	811
Phrynocephalus_forsythii	171643	20194	20194	904	904	893
Phrynosoma_platyrhinos	52577	16750	16750	830	830	801
Phthorimaea_operculella	192464	16619	16619	898	898	898
Phyllostomus_discolor	89673	46999	47220	928	928	891
Phyllostomus_hastatus	9423	45413	45674	936	936	935
Phyllotreta_striolata	444603	12196	12196	913	913	912
Physeter_catodon	9755	51736	51779	876	876	870
Piaya_cayana	33601	14022	15360	835	835	832
Picathartes_gymnocephalus	175131	13533	15038	825	825	825
Pieris_brassicae	7116	21929	21929	955	955	954
Pieris_macdunnoughi	345717	18654	18655	946	946	946
Pieris_napi	78633	23367	23367	958	958	956
Pieris_rapae	64459	20497	20497	953	953	953
Piliocolobus_tephrosceles	591936	55454	55603	910	910	901
Pimephales_promelas	90988	48455	48589	896	896	876
Pipistrellus_kuhlii	59472	53802	53872	899	899	895
Pipra_filicauda	649802	35857	35876	914	914	906
Piprites_chloris	114369	14148	15627	836	836	836
Pitangus_sulphuratus	371930	17493	17493	758	758	749
Pitta_sordida	9163	13881	15488	827	827	820
Plakobranchus_ocellatus	259542	77230	77230	947	947	940
Platysteira_castanea	1160851	14025	15818	834	834	834
Platysternon_megacephalum	55544	21529	21529	909	909	909
Plectropomus_leopardus	160734	36199	36279	909	909	860
Pleuronectes_platessa	8262	37127	37236	934	934	926
Ploceus_nigricollis	441696	13528	15285	791	791	785
Plodia_interpunctella	58824	26649	26649	964	964	963
Plutella_xylostella	51655	21674	21674	726	726	697
Pluvianellus_socialis	227228	14317	15695	846	846	844
Pocillopora_damicornis	46731	25183	25183	941	941	861
Podarcis_muralis	64176	50554	50591	935	935	906
Podarcis_raffonei	65483	51561	51627	946	946	940
Podiceps_cristatus	345573	11707	11707	710	710	709
Podilymbus_podiceps	9252	14202	15688	856	856	856
Poecilia_formosa	48698	49495	49631	891	891	891
Poecilia_latipinna	48699	47072	47233	909	909	905
Poecilia_mexicana	48701	47406	47558	914	914	908
Poecilia_reticulata	8081	43715	43783	939	939	831
Poeciliopsis_prolifica	188132	41253	41361	887	887	858
Pogona_vitticeps	103695	38712	38792	959	959	946
Pogonomyrmex_barbatus	144034	19128	19128	964	964	887
Pogonophryne_albipinna	1090488	31128	31128	836	836	823
Polioptila_caerulea	66707	13551	15263	818	818	815
Polistes_canadensis	91411	19297	19297	961	961	949
Polistes_dominula	743375	20855	20855	965	965	954
Polistes_exclamans	27506	15639	15639	944	944	944
Polistes_fuscatus	30207	20897	20897	960	960	945
Pollicipes_pollicipes	41117	27080	27080	596	596	567
Polyodon_spathula	7913	60965	61025	505	505	501
Polypedilum_vanderplanki	319348	19128	19128	949	949	949
Polypterus_senegalus	55291	42243	42457	948	948	942
Pomacea_canaliculata	400727	40391	40391	944	944	873
Pomatorhinus_ruficollis	932028	12971	14693	798	798	798
Pomatostomus_ruficeps	9176	13299	14825	804	804	796
Pomphorhynchus_laevis	141832	13055	13055	666	666	646
Pongo_abelii	9601	49720	49875	937	937	824
Pongo_pygmaeus	9600	68930	69154	887	887	885
Pontoporia_blainvillei	48723	4296	4296	209	209	206
Portunus_trituberculatus	210409	38519	38519	953	953	876
Priapulus_caudatus	37621	20692	20692	913	913	816
Prionailurus_bengalensis	37029	51608	51737	942	942	930
Prionailurus_viverrinus	61388	56347	56463	943	943	942
Pristionchus_pacificus	54126	28149	28149	849	849	836
Pristis_pectinata	685728	37177	37265	925	925	868
Probosciger_aterrimus	141839	14014	15658	842	842	842
Procambarus_clarkii	6728	45538	45538	949	949	940
Prochilodus_magdalenae	148989	34724	34724	900	900	883
Promerops_cafer	254652	14105	15664	835	835	834
Propithecus_coquereli	379532	28194	28300	933	933	908
Protobothrops_mucrosquamatus	103944	23351	23450	935	935	882
Protopolystoma_xenopodis	117903	37859	37906	543	543	435
Protopterus_annectens	7888	37069	37239	947	947	866
Prunella_fulvescens	670355	13371	15011	813	813	810
Prunella_himalayana	670356	13898	15589	821	821	821
Psammomys_obesus	48139	38692	38918	914	914	898
Pseudoatta_argentina	621737	9309	13185	877	877	877
Pseudochaenichthys_georgianus	52239	37944	38061	895	895	869
Pseudoliparis_swirei	2059687	39420	39429	916	916	909
Pseudomyrmex_gracilis	219809	23473	23473	959	959	954
Pseudonaja_textilis	8673	31677	31722	949	949	938
Pseudopodoces_humilis	181119	27572	27583	967	967	955
Psilopogon_haemacephalus	2585815	13550	15382	859	859	858
Psophia_crepitans	54359	13863	15289	817	817	817
Psylliodes_chrysocephala	2598218	17475	17476	894	894	891
Pterocles_burchelli	2585816	13870	15378	841	841	841
Pterocles_gutturalis	240206	15872	15891	845	845	749
Pteronotus_parnellii	59476	34115	34285	907	907	903
Pteropus_alecto	9402	39706	39743	952	952	928
Pteropus_giganteus	143291	53198	53505	944	944	928
Pteropus_vampyrus	132908	43630	43832	953	953	942
Pteruthius_melanotis	357074	11974	13427	723	723	722
Ptilonorhynchus_violaceus	28724	13930	15687	826	826	826
Ptilorrhoa_leucosticta	449384	13511	15238	815	815	815
Puma_concolor	9696	23358	23419	932	932	904
Puma_yagouaroundi	1608482	55586	55694	934	934	929
Pundamilia_nyererei	303518	38583	38653	928	928	924
Pungitius_pungitius	134920	43582	43626	934	934	929
Puntigrus_tetrazona	1606681	48681	48806	873	873	848
Pycnonotus_jocosus	182897	13900	15553	820	820	816
Pygocentrus_nattereri	42514	50672	50925	913	913	913
Pygoscelis_adeliae	9238	16927	16934	840	840	784
Pygoscelis_antarcticus	79643	14226	15293	797	797	797
Pygoscelis_papua	30457	14896	16513	811	811	811
Pyrgilauda_ruficollis	221976	32632	32674	940	940	925
Python_bivittatus	176946	32724	32814	957	957	948
Quiscalus_mexicanus	64278	13606	15214	818	818	815
Ramazzottius_varieornatus	947166	23007	23007	860	860	860
Ramphastos_sulfuratus	322582	14059	15325	863	863	861
Rana_temporaria	8407	41969	42090	912	912	890
Rangifer_tarandus	9870	26502	26502	882	882	878
Rattus_norvegicus	10116	56110	56593	894	894	817
Rattus_rattus	10117	35475	35713	878	878	850
Regulus_satrapa	13245	12999	14668	789	789	787
Rhabdornis_inornatus	237438	14377	16122	858	858	852
Rhadina_sibilatrix	2585818	13641	15289	818	818	817
Rhagoletis_pomonella	28610	30758	30758	736	736	665
Rhagoletis_zephyria	28612	33731	33731	680	680	661
Rhagologus_leucostigma	156170	14230	15977	847	847	841
Rhinatrema_bivittatum	194408	49282	49339	936	936	914
Rhincodon_typus	259920	36827	36899	929	929	910
Rhinolophus_ferrumequinum	59479	48673	48806	894	894	875
Rhinopithecus_bieti	61621	49592	49776	927	927	833
Rhinopithecus_roxellana	61622	53702	53850	906	906	900
Rhinopomastus_cyanomelas	113115	14811	16265	909	909	908
Rhinoptilus_africanus	240209	13689	15206	835	835	835
Rhipicephalus_microplus	6941	24211	24211	909	909	861
Rhipicephalus_sanguineus	34632	30609	30609	883	883	836
Rhipidura_dahli	667186	14178	15777	850	850	848
Rhodinocichla_rosea	58203	14122	16009	834	834	834
Rhopalosiphum_maidis	43146	19503	19503	889	889	875
Rhyzopertha_dominica	92692	700	700	14	14	13
Rissa_tridactyla	75485	14776	16143	879	879	879
Rodentolepis_nana	102285	13631	13777	822	822	762
Rostratula_benghalensis	118793	14222	15696	843	843	843
Rotaria_socialis	392032	33679	33717	700	700	699
Rotaria_sordida	392033	61901	62102	205	205	198
Rousettus_aegyptiacus	9407	56391	56463	952	952	943
Rynchops_niger	227184	14332	15911	845	845	843
Sabethes_cyaneus	53552	17957	17957	936	936	934
Saccoglossus_kowalevskii	10224	22111	22111	936	936	878
Sagittarius_serpentarius	56258	12828	14359	749	749	746
Sakesphorus_luctuosus	419690	14142	15814	833	833	827
Salarias_fasciatus	181472	39222	39329	873	873	857
Salmo_salar	8030	97555	97737	422	422	355
Salmo_trutta	8032	87841	87984	396	396	388
Salvelinus_fontinalis	8038	83302	83431	443	443	440
Salvelinus_namaycush	8040	58230	58347	436	436	432
Sander_lucioperca	283035	56557	56899	930	930	928
Sapajus_apella	9515	62192	62340	923	923	914
Sapayoa_aenigma	239371	13868	15342	843	843	843
Sarcophaga_bullata	7385	15763	15763	884	884	882
Sarcophilus_harrisii	9305	45893	46002	946	946	934
Sarcoptes_scabiei	52283	9318	9318	878	878	878
Scaptodrosophila_lebanonensis	7225	19800	19800	943	943	943
Scatophagus_argus	75038	48218	48369	932	932	931
Sceloporus_undulatus	8520	43690	43731	944	944	913
Schistocerca_americana	7009	26125	26125	936	936	934
Schistocerca_cancellata	274614	26362	26362	937	937	932
Schistocerca_gregaria	7010	37988	37988	924	924	923
Schistocerca_nitens	7011	28445	28445	942	942	942
Schistocerca_piceifrons	274613	25717	25717	919	919	907
Schistocerca_serialis	2023354	27654	27654	934	934	925
Schistosoma_bovis	6184	16787	16874	829	829	828
Schistosoma_curassoni	6186	16789	16789	825	825	821
Schistosoma_haematobium	6185	8934	8934	764	764	761
Schistosoma_mansoni	6183	11713	11721	829	829	827
Schistosoma_margrebowiei	48269	16125	16125	828	828	825
Schistosoma_mattheei	31246	14602	14603	817	817	810
Schistosoma_spindale	6189	14516	14516	834	834	828
Sciurus_carolinensis	30640	52005	52153	876	876	834
Scleropages_formosus	113540	47753	47841	879	879	878
Sclerurus_mexicanus	265632	14042	15594	850	850	844
Scomber_japonicus	13676	30506	30707	925	925	918
Scophthalmus_maximus	52904	50910	50995	934	934	934
Scopus_umbretta	33581	12285	13524	753	753	752
Scortum_barcoo	214431	26905	26905	889	889	874
Scyliorhinus_canicula	7830	49345	49579	891	891	856
Scyliorhinus_torazame	75743	27605	27605	901	901	894
Scytalopus_superciliaris	312124	13855	15352	813	813	807
Sebastes_umbrosus	72105	50695	50991	919	919	911
Seison_nebaliae	104778	12269	12269	768	768	765
Semnornis_frantzii	91796	10815	12157	710	710	709
Sepia_pharaonis	158019	53530	53530	769	769	767
Serilophus_lunatus	239386	14124	15625	834	834	826
Serinus_canaria	9135	36092	36106	911	911	900
Seriola_aureovittata	2871759	42699	42853	926	926	921
Seriola_dumerili	41447	32734	32812	929	929	922
Seriola_lalandi	302047	38827	38915	912	912	906
Silurus_asotus	30991	24309	24309	917	917	917
Silurus_meridionalis	175797	44389	44653	917	917	861
Simochromis_diagramma	43689	53676	53980	917	917	916
Siniperca_chuatsi	119488	58502	58704	921	921	916
Sinocyclocheilus_anshuiensis	1608454	68474	68669	268	268	259
Sinocyclocheilus_grahami	75366	67410	67633	463	463	451
Sinocyclocheilus_rhinocerous	307959	68562	68781	323	323	311
Sinosuthora_webbiana	337173	14265	16033	848	848	846
Sipha_flava	143950	21316	21316	908	908	894
Sitodiplosis_mosellana	263140	32394	32394	936	936	927
Sitophilus_oryzae	7048	23498	23498	927	927	919
Sitta_europaea	50251	13557	15260	814	814	812
Smithornis_capensis	363769	13856	15437	829	829	829
Soboliphyme_baturini	241478	13156	13193	788	788	718
Solea_senegalensis	28829	42011	42109	909	909	906
Solenopsis_invicta	13686	25235	25235	954	954	911
Sorex_araneus	42254	39879	40221	900	900	896
Sorex_cinereus	36803	32645	32923	928	928	925
Sparganum_proliferum	64606	22427	23043	758	758	753
Sparus_aurata	8175	52790	53145	918	918	916
Spea_bombifrons	233779	27799	27833	959	959	958
Sphaeramia_orbicularis	375764	42318	42559	892	892	858
Sphaerodactylus_townsendi	933632	38121	38166	945	945	920
Spheniscus_demersus	92683	14240	15881	814	814	814
Spheniscus_magellanicus	37081	15289	16569	861	861	860
Spirometra_erinaceieuropaei	99802	27676	28290	726	726	722
Spizaetus_tyrannus	252798	14362	15926	853	853	853
Spizella_passerina	40210	9110	10272	591	591	589
Spodoptera_exigua	7107	13955	13955	921	921	921
Spodoptera_frugiperda	7108	29539	29539	954	954	948
Spodoptera_littoralis	7109	13294	13297	940	940	936
Spodoptera_litura	69820	22882	22882	954	954	949
Steatornis_caripensis	48435	14562	16035	860	860	859
Stegastes_partitus	144197	31597	31672	911	911	898
Stegodyphus_dumicola	202533	29944	29944	917	917	893
Stegodyphus_mimosarum	407821	27135	27135	922	922	921
Stegostoma_fasciatum	378071	44136	44199	949	949	944
Steinernema_carpocapsae	34508	36556	36561	787	787	787
Stercorarius_parasiticus	54059	13876	15710	834	834	831
Sterrhoptilus_dennistouni	2585820	13251	15328	816	816	815
Stomoxys_calcitrans	35570	22450	22450	966	966	941
Strigops_habroptila	2489341	43613	43644	935	935	926
Strongylocentrotus_purpuratus	7668	38439	38439	769	769	750
Strongyloides_ratti	34506	12445	12445	787	787	787
Strongylus_vulgaris	40348	20915	21079	619	619	581
Struthidea_cinerea	181839	14144	15788	839	839	838
Struthio_camelus	8801	25438	25453	879	879	841
Sturnira_hondurensis	192404	42753	42999	920	920	911
Sturnus_vulgaris	9172	26611	26619	935	935	921
Styela_clava	7725	27445	27445	837	837	807
Stylophora_pistillata	50429	33252	33252	950	950	842
Sula_dactylatra	56068	12967	14518	757	757	755
Suncus_etruscus	109475	26602	26729	853	853	831
Suricata_suricatta	37032	43269	43409	944	944	935
Sus_scrofa	9823	63575	63712	947	947	833
Sylvietta_virens	208069	13783	15515	839	839	838
Symphalangus_syndactylus	9590	67212	67335	845	845	835
Synchiropus_splendidus	270530	44870	44913	910	910	907
Syngnathus_acus	161584	41949	41962	942	942	934
Syngnathus_scovelli	161590	47846	47855	942	942	942
Syrrhaptes_paradoxus	302527	13541	14915	813	813	813
Tachuris_rubrigastra	495162	14339	15801	866	866	866
Tachyglossus_aculeatus	9261	33269	33397	954	954	948
Tachysurus_fulvidraco	1234273	55521	55926	913	913	912
Taeniopygia_guttata	59729	41214	41237	956	956	897
Takifugu_bimaculatus	433685	20140	20140	822	822	818
Takifugu_flavidus	433684	29408	29408	883	883	883
Takifugu_rubripes	31033	46759	46831	880	880	874
Talpa_occidentalis	50954	39507	39745	887	887	858
Tauraco_erythrolophus	121530	16054	16071	842	842	739
Tegillarca_granosa	220873	25076	25076	743	743	617
Teladorsagia_circumcincta	45464	25532	25532	683	683	659
Teleogryllus_occipitalis	470939	13	13	0	0	NA
Teleopsis_dalmanni	139649	34029	34029	656	656	653
Temnothorax_curvispinosus	300111	27275	27275	876	876	866
Temnothorax_longispinosus	300112	13061	13061	909	909	869
Tenebrio_molitor	7067	21418	21418	934	934	934
Terrapene_carolina	158814	34138	34350	878	878	870
Tetranychus_urticae	32264	15684	15684	820	820	817
Tetraodon_nigroviridis	99883	27918	27918	893	893	884
Thalassarche_chlororhynchos	54017	11830	13136	691	691	691
Thalassophryne_amazonica	390379	36356	36431	926	926	879
Thamnophis_elegans	35005	30876	31010	926	926	872
Thamnophis_sirtalis	35019	25180	25243	883	883	603
Thelazia_callipaeda	103827	10886	10912	862	862	847
Thelohanellus_kitauei	669202	15020	15020	401	401	401
Theropithecus_gelada	9565	52434	52610	922	922	919
Thinocorus_orbignyianus	161742	14061	15558	843	843	838
Thrips_palmi	161013	27217	27217	948	948	940
Thryothorus_ludovicianus	74200	13691	15419	829	829	825
Thunnus_albacares	8236	48150	48429	931	931	931
Thunnus_maccoyii	8240	49507	49841	930	930	930
Tichodroma_muraria	237442	11497	12917	725	725	724
Tigriopus_californicus	6832	15577	15577	890	890	888
Timema_podura	61482	16656	16693	809	809	800
Tinamus_guttatus	94827	17873	17892	856	856	805
Todus_mexicanus	135184	10073	11134	644	644	644
Tokudaia_osimensis	73109	13	13	0	0	NA
Toxocara_canis	6265	18596	18596	860	860	860
Toxostoma_redivivum	99882	14163	15934	861	861	853
Toxotes_jaculatrix	941984	38398	38515	930	930	926
Trachemys_scripta	34903	42076	42199	921	921	880
Trachymyrmex_cornetzi	471704	21276	21276	955	955	944
Trachymyrmex_septentrionalis	34720	20394	20394	962	962	953
Trachymyrmex_zeteki	64791	18778	18778	966	966	937
Trachypithecus_francoisi	54180	64364	64531	852	852	826
Trematomus_bernacchii	40690	40874	41199	920	920	885
Tribolium_castaneum	7070	22610	22610	961	961	955
Tribolium_madens	41895	20571	20571	965	965	920
Trichechus_manatus	9778	36406	36491	954	954	943
Trichinella_britovi	45882	20907	20907	772	772	772
Trichinella_nativa	6335	16586	16586	784	784	784
Trichinella_nelsoni	6336	17008	17008	785	785	785
Trichinella_papuae	268474	16247	16247	724	724	724
Trichinella_patagoniensis	990121	19538	19538	757	757	757
Trichinella_pseudospiralis	6337	16961	16961	720	720	720
Trichinella_spiralis	6334	16380	16380	740	740	738
Trichinella_zimbabwensis	268475	19269	19269	737	737	736
Trichobilharzia_regenti	157069	20958	20958	807	807	794
Trichobilharzia_szidati	157070	20268	20268	648	648	645
Trichogramma_brassicae	86971	16905	16905	638	638	631
Trichogramma_pretiosum	7493	21161	21161	907	907	906
Tricholaema_leucomelas	240729	14343	15652	870	870	870
Trichonephila_clavata	2740835	70432	70432	858	858	849
Trichonephila_clavipes	2585209	22738	22738	610	610	610
Trichonephila_inaurata	2747482	51814	51814	856	856	853
Trichoplax_adhaerens	10228	11520	11520	910	910	910
Trichoplusia_ni	7111	23658	23658	892	892	883
Trichosurus_vulpecula	9337	35542	35644	835	835	819
Trichuris_suis	68888	9829	9829	786	786	786
Trichuris_trichiura	36087	9650	9650	791	791	696
Trinorchestia_longiramus	1923959	26080	26080	903	903	900
Triplophysa_rosa	992332	25821	26023	911	911	910
Triplophysa_tibetana	1572043	24310	24310	898	898	898
Trogon_melanurus	56311	14150	15508	836	836	836
Tropilaelaps_mercedesae	418985	14342	14342	892	892	892
Tupaia_chinensis	246437	38492	38683	921	921	737
Turdus_rufiventris	311356	18334	18334	862	862	860
Turnix_velox	2529409	13135	14264	803	803	803
Tursiops_truncatus	9739	55739	55802	900	900	898
Tuta_absoluta	702717	17885	17885	862	862	862
Tympanuchus_pallidicinctus	109042	41567	41586	905	905	897
Tyrannus_savana	137541	13574	15454	810	810	810
Tyto_alba	56313	32967	32983	921	921	857
Uloborus_diversus	327109	18993	18993	823	823	794
Upupa_epops	57439	13744	15122	848	848	846
Uria_aalge	13746	14166	15596	857	857	857
Urocitellus_parryii	9999	36308	36389	946	946	679
Urocolius_indicus	458196	14081	15344	840	840	838
Urocynchramus_pylzowi	571890	13710	15394	817	817	815
Ursus_americanus	9643	45856	46017	954	954	953
Ursus_arctos	9644	51919	52138	953	953	951
Ursus_maritimus	29073	41487	41611	952	952	938
Vanessa_atalanta	42275	19685	19685	971	971	970
Vanessa_cardui	171605	19836	19836	971	971	970
Vanessa_tameamea	334116	18760	18760	968	968	963
Varanus_komodoensis	61221	18293	18293	797	797	797
Varroa_destructor	109461	30221	30221	927	927	927
Varroa_jacobsoni	62625	26214	26214	933	933	931
Venturia_canescens	32260	23831	23831	952	952	952
Vespa_crabro	7445	26263	26263	962	962	961
Vespa_mandarinia	7446	27198	27198	961	961	961
Vespa_velutina	202808	28781	28781	960	960	953
Vespula_pensylvanica	30213	18491	18491	949	949	949
Vespula_vulgaris	7454	15512	15512	916	916	915
Vicugna_pacos	30538	44159	44289	951	951	918
Vidua_chalybeata	81927	37887	37915	957	957	947
Vidua_macroura	187451	35662	35701	943	943	925
Vireo_altiloquus	34956	14114	16110	834	834	831
Vollenhovia_emeryi	411798	26071	26071	961	961	961
Vombatus_ursinus	29139	42624	42735	876	876	865
Vulpes_lagopus	494514	52703	52785	870	870	869
Vulpes_vulpes	9627	37915	38026	929	929	913
Wasmannia_auropunctata	64793	24085	24085	966	966	961
Xenopus_laevis	8355	56667	56769	461	461	365
Xenopus_tropicalis	8364	39662	39721	949	949	792
Xiphias_gladius	8245	44415	44597	932	932	928
Xiphophorus_couchianus	32473	47076	47192	936	936	935
Xiphophorus_hellerii	8084	46248	46429	920	920	914
Xiphophorus_maculatus	8083	43564	43711	937	937	934
Xiphorhynchus_elegans	269412	13534	15124	783	783	783
Xyrauchen_texanus	154827	66282	66455	415	415	412
Zalophus_californianus	9704	61024	61096	845	845	830
Zapornia_atra	2585822	13339	14708	790	790	788
Zaprionus_bogoriensis	309927	11883	11883	898	898	885
Zerene_cesonia	33412	17465	17465	925	925	921
Zeugodacus_cucurbitae	28588	27226	27226	965	965	964
Zonotrichia_albicollis	44394	26242	26250	871	871	589
Zootermopsis_nevadensis	136037	30187	30187	954	954	929
Zootoca_vivipara	8524	44296	44363	943	943	933
Zophobas_morio	2755281	30408	30408	846	846	846
Zosterops_borbonicus	364589	22558	22558	937	937	923
Zosterops_hypoxanthus	2485327	13718	15801	828	828	827
