species	sequencing_depth	intron	annotated	annotated_unclassified	annotated_major	annotated_minor	prop_annot_unclassified	prop_annot_minor	prop_annot_major
Zootoca_vivipara_NCBI.taxid8524	416.536308203991	294314	198973	13061	152927	32985	0.904000553709856	0.261688100470459	0.994200976472347
Zootermopsis_nevadensis_NCBI.taxid136037	4313.3464459591	358155	118025	1014	89451	27560	0.520533880903491	0.104137933640407	0.976987264903121
Zonotrichia_albicollis_NCBI.taxid44394	1042.16893972723	254216	127402	13243	100639	13520	0.877717391304348	0.0986364531732193	0.986086479389373
Ziziphus_jujuba_NCBI.taxid326968	4982.61189046802	386654	124370	11262	94170	18938	0.792875246409462	0.0686017742712556	0.976938159409916
Zerene_cesonia_NCBI.taxid33412	1468.00214482487	121009	79141	6855	64607	7679	0.899724373277333	0.159722944443289	0.98919051337406
Zea_mays_NCBI.taxid4577	3645.82283205618	437939	171196	8445	135322	27429	0.70948500378056	0.0952260268503442	0.980629732961339
Xenopus_tropicalis_NCBI.taxid8364	150.403581267218	169672	150430	30306	110966	9158	0.935514739929001	0.361718935144956	0.991130681767433
Xenopus_laevis_NCBI.taxid8355	1429.67969791204	526835	273974	41951	206102	25921	0.797108058294856	0.0973076258906383	0.991714142736161
Vulpes_vulpes_NCBI.taxid9627	1130.17615176152	381734	188257	9301	152792	26164	0.754522592682729	0.121565803229179	0.990984680442594
Vulpes_lagopus_NCBI.taxid494514	2106.43001261034	530318	214158	6950	163879	43329	0.74843850958432	0.121794835757293	0.99153547356575
Vitis_vinifera_NCBI.taxid29760	1470.0258215891	238985	120177	8538	94673	16966	0.843009478672986	0.126937810498593	0.994453839770591
Vigna_unguiculata_NCBI.taxid3917	4702.8165119065	405209	143578	3961	120831	18786	0.751470309239234	0.0674944491150919	0.993643301207197
Vigna_radiata_NCBI.taxid157791	4022.51790957134	402451	140082	2729	116439	20914	0.742989381976586	0.0743418573734013	0.991341438496118
Vigna_angularis_NCBI.taxid3914	1734.97322111706	326307	128121	6984	106707	14430	0.820488721804511	0.0686580515006756	0.991488808154391
Vicugna_pacos_NCBI.taxid30538	878.611888111888	317331	173795	17438	134938	21419	0.737024513947591	0.137346183688257	0.979785364720233
Vespula_vulgaris_NCBI.taxid7454	896.031530217978	140155	50839	996	44255	5588	0.732891832229581	0.0606962472166404	0.947015899509961
Vespula_pensylvanica_NCBI.taxid30213	156.173721272646	65851	42620	14492	25178	2950	0.791955844581671	0.145413318874156	0.923454978910691
Varroa_destructor_NCBI.taxid109461	2531.31534772182	344766	87430	1478	58630	27322	0.496639784946237	0.0969910825854822	0.975638166871901
Varanus_komodoensis_NCBI.taxid61221	419.730099502487	198560	92682	11186	76756	4740	0.713256392271887	0.0510302952005684	0.852929737418186
Vanilla_planifolia_NCBI.taxid51239	6414.45427973583	330166	92664	1638	84075	6951	0.525842696629213	0.0293810576504453	0.929313584613684
Ursus_arctos_NCBI.taxid9644	676.47440243616	436872	204260	13601	152616	38043	0.799306535025858	0.143034928751363	0.99174713749139
Tyto_alba_NCBI.taxid56313	486.894672437981	249573	159617	13207	126866	19544	0.744349884461478	0.189308304032391	0.98658537533731
Tuta_absoluta_NCBI.taxid702717	2911.92690058479	149449	83842	6107	75280	2455	0.832583503749148	0.0381857491717348	0.967323284890071
Tursiops_truncatus_NCBI.taxid9739	4099.9402369546	637642	210820	7263	153016	50541	0.662742950999179	0.107269748152424	0.983867545410706
Trinorchestia_longiramus_NCBI.taxid1923959	59.2193669651056	87205	71776	25856	44376	1544	0.895973386929101	0.12916178684959	0.956523613476171
Trichuris_suis_NCBI.taxid68888	4625.68326545889	146195	44991	66	42341	2584	0.323529411764706	0.0271115307942503	0.835441289635169
Trichonephila_clavipes_NCBI.taxid2585209	951.960677638265	69732	30467	750	28301	1416	0.563486100676183	0.043002915451895	0.797818058805289
Trichonephila_clavata_NCBI.taxid2740835	716.408094523005	208413	135628	17495	115649	2484	0.786751810046319	0.0363908056080517	0.980766132109874
Trichogramma_pretiosum_NCBI.taxid7493	433.031295137217	105647	68191	6365	51490	10336	0.830831484140452	0.224295820493902	0.992023736128237
Trichobilharzia_szidati_NCBI.taxid157070	218.369042215161	83151	62021	23897	34227	3897	0.88047603257065	0.184264031396284	0.981813487851754
Trichinella_patagoniensis_NCBI.taxid990121	1015.93475572047	119609	54120	306	46988	6826	0.598825831702544	0.100126147798281	0.922708349697589
Trichinella_papuae_NCBI.taxid268474	581.662956091527	97942	54623	2106	48206	4311	0.541945445187854	0.101516507323506	0.934405892614848
Trichechus_manatus_NCBI.taxid9778	217.955311973018	194343	128682	19748	69963	38971	0.907369968755743	0.381459040944373	0.993566802999318
Tribolium_castaneum_NCBI.taxid7070	2910.94732190558	121580	64211	5910	47140	11161	0.861013986013986	0.166373501878242	0.989670809539805
Trema_orientale_NCBI.taxid63057	709.935185185185	117340	78029	8014	68463	1552	0.822286066078391	0.0451123448536465	0.935401893675452
Trachemys_scripta_NCBI.taxid34903	2086.13730853392	398958	188532	10581	143127	34824	0.823872926886242	0.144092552900967	0.990930301792477
Timema_podura_NCBI.taxid61482	782.711132908288	69694	32889	1295	30030	1564	0.410589727330374	0.0557218184409292	0.78056768558952
Thrips_palmi_NCBI.taxid161013	4567.97135871464	262377	112277	4599	90762	16916	0.795537104307213	0.102686132273045	0.988036272193858
Thelohanellus_kitauei_NCBI.taxid669202	274.486172043011	37922	16481	1774	13764	943	0.470182878346144	0.0544394411730747	0.817971117846318
Thamnophis_sirtalis_NCBI.taxid35019	450.031213731599	193799	122744	6667	104418	11659	0.803737191078963	0.148435311791816	0.97625236073973
Thamnophis_elegans_NCBI.taxid35005	1476.79113924051	322969	167597	15742	134486	17369	0.858248827826846	0.102811649106192	0.99114874674803
Tetranychus_urticae_NCBI.taxid32264	3441.08468559838	89352	45134	2430	34789	7915	0.869409660107335	0.154033278194025	0.989110656203798
Tetracentron_sinense_NCBI.taxid13715	1695.98115299335	278405	106430	4548	95264	6618	0.57855234702964	0.0430750004881573	0.814883880073564
Terrapene_carolina_NCBI.taxid158814	55.5119893428064	144517	125003	45571	71474	7958	0.927182095625636	0.340872098003941	0.992404992988156
Teladorsagia_circumcincta_NCBI.taxid45464	2197.10890104426	165143	78100	4273	71474	2353	0.492564841498559	0.0424254444484512	0.707621329425975
Tarenaya_hassleriana_NCBI.taxid28532	3143.53067799285	359086	149671	2950	127081	19640	0.744761423882858	0.0866125411784421	0.989974136856537
Talpa_occidentalis_NCBI.taxid50954	1375.30697423314	379323	202994	11672	164894	26428	0.795854357016228	0.134044096389209	0.984453545713979
Takifugu_flavidus_NCBI.taxid433684	655.363182082215	271736	178052	19790	152160	6102	0.707341482593466	0.0826907701272478	0.895243138293178
Tachysurus_fulvidraco_NCBI.taxid1234273	13314.7313699241	669544	258021	18044	204707	35270	0.738509393034011	0.0804589834838945	0.990113711662821
Sus_scrofa_NCBI.taxid9823	897.974742750233	363120	201451	21257	145061	35133	0.785695804841989	0.18519611822442	0.991138168053677
Suricata_suricatta_NCBI.taxid37032	1605.80740201432	489022	215511	12308	161636	41567	0.74661813770094	0.134981019461141	0.982052372562124
Stylophora_pistillata_NCBI.taxid50429	2125.98951388463	257124	159760	4917	135443	19400	0.85320145757418	0.170118732352374	0.986309649512463
Styela_clava_NCBI.taxid7725	1688.13267419962	208767	149400	22469	116207	10724	0.889227481399398	0.161137155908162	0.993672347302624
Sturnus_vulgaris_NCBI.taxid9172	390.458675424193	204897	120862	25296	86689	8877	0.878180871376497	0.101021941005098	0.982645658580821
Struthio_camelus_NCBI.taxid8801	2115.26842105989	428954	156177	4838	129761	21578	0.634991468696679	0.0746902042229145	0.979808962887454
Strigops_habroptila_NCBI.taxid2489341	476.18191731519	285917	180109	12391	139980	27738	0.795110369609856	0.214680432797239	0.991872568679275
Striga_asiatica_NCBI.taxid4170	984.147509578544	232151	100450	2366	92972	5112	0.581755593803787	0.0425054254284218	0.862312993312743
Steinernema_carpocapsae_NCBI.taxid34508	877.035741737305	102751	81677	7816	69187	4674	0.831843337590464	0.213375941565853	0.968327501749475
Stegostoma_fasciatum_NCBI.taxid378071	680.338964396018	401592	209245	7036	166390	35819	0.62675930874755	0.161094320614532	0.990310561963599
Stegodyphus_dumicola_NCBI.taxid202533	3087.11997340554	307470	129093	3090	110946	15057	0.562739027499545	0.0795202484314595	0.985039642727136
Sorghum_bicolor_NCBI.taxid4558	3127.17855216138	331163	135687	4445	113451	17791	0.781607174257078	0.0843419187537629	0.990518347782813
Solenopsis_invicta_NCBI.taxid13686	431.883175164586	129150	78232	9777	55231	13224	0.82701742513957	0.215216860607047	0.988332766673228
Solanum_tuberosum_NCBI.taxid4113	3377.81910970822	265990	129882	5750	108308	15824	0.828649661334486	0.105818549007282	0.989005771057053
Solanum_chilense_NCBI.taxid4083	5487.24283149196	262499	88622	2157	83910	2555	0.830573738929534	0.014679352384892	0.977425216662007
Sitophilus_oryzae_NCBI.taxid7048	2341.86498422713	190148	93844	4538	79930	9376	0.237082702053184	0.106579366161961	0.962606129945204
Sinocyclocheilus_rhinocerous_NCBI.taxid307959	212.408328513592	426401	350441	98961	231201	20279	0.899563676029452	0.249852151200039	0.982884617837238
Sinocyclocheilus_anshuiensis_NCBI.taxid1608454	211.831802650975	432534	356519	94598	240105	21816	0.901053473796506	0.261131858661304	0.984020753758135
Sinapis_alba_NCBI.taxid3728	589.687388067095	247740	173552	13484	154754	5314	0.867584609445374	0.0698199973722244	0.991453539029266
Simochromis_diagramma_NCBI.taxid43689	412.715336948102	353232	260433	18549	212705	29179	0.802778499091145	0.251112315940757	0.994287771062091
Setaria_viridis_NCBI.taxid4556	2070.7589802795	233773	129476	1483	103449	24544	0.880641330166271	0.19185342098475	0.993193033660401
Seriola_lalandi_NCBI.taxid302047	911.586286594761	304273	236203	17751	201893	16559	0.912366365131579	0.202583833910373	0.994164803671496
Senna_tora_NCBI.taxid362788	1819.7465214761	221360	91452	3449	84623	3380	0.60129009762901	0.0285559798587408	0.870069915689903
Scyliorhinus_canicula_NCBI.taxid7830	6418.80188045668	735033	219896	2934	179936	37026	0.504991394148021	0.0677297031314881	0.985680635442345
Scophthalmus_maximus_NCBI.taxid52904	7676.0434298441	521341	246117	12953	196604	36560	0.868920641309452	0.118377298497942	0.995004833216088
Sciurus_carolinensis_NCBI.taxid30640	2359.39155764938	585066	212157	5054	164745	42358	0.690814652815746	0.102942105698051	0.990792417426448
Schistosoma_haematobium_NCBI.taxid6185	4410.03192267503	171582	46844	820	44383	1641	0.391782130912566	0.0139790442116024	0.851897349277337
Schistosoma_bovis_NCBI.taxid6184	2511.92836467787	190297	72235	3028	60957	8250	0.66127975540511	0.0669072624792182	0.976671526765257
Scaptodrosophila_lebanonensis_NCBI.taxid7225	144.987241531016	66096	49494	4975	36928	7591	0.842506350550381	0.331036588024944	0.991089640365003
Sander_lucioperca_NCBI.taxid283035	1656.47840814771	404684	253599	12708	215903	24988	0.798642533936652	0.147654417282681	0.983438022401487
Salmo_salar_NCBI.taxid8030	2625.29597701149	763632	412947	28579	331445	52923	0.75854655483597	0.13641319617178	0.980621015103774
Salix_suchowensis_NCBI.taxid1278906	1457.62730318258	268278	132018	8241	120032	3745	0.774384514189062	0.0283729316928299	0.955334118620865
Salix_dunnii_NCBI.taxid1413687	2632.20202746695	368023	113837	2373	103625	7839	0.562322274881517	0.0323491179201486	0.85303511746983
Rosa_chinensis_NCBI.taxid74649	2319.88785045693	355700	156236	10360	119707	26169	0.804222946747399	0.118187689403348	0.986062488158881
Rhyzopertha_dominica_NCBI.taxid92692	799.37508626639	5503	2891	271	2560	60	0.76123595505618	0.02601908065915	0.901091165082717
Rhododendron_simsii_NCBI.taxid118357	8137.76951209546	303904	97417	3196	86745	7476	0.544741776035452	0.0389409478964283	0.817932374073585
Rhamnella_rubrinervis_NCBI.taxid2594499	620.255663430421	168283	89243	5489	81913	1841	0.703537554473212	0.0249955874166701	0.943393836089741
Rattus_norvegicus_NCBI.taxid10116	19583.7281099541	929957	220930	5592	172923	42415	0.377175232699312	0.0574437886491128	0.978309204161646
Rana_temporaria_NCBI.taxid8407	4129.57332155477	338368	196754	17066	161348	18340	0.810428340773103	0.118637160470667	0.991562244578143
Ramazzottius_varieornatus_NCBI.taxid947166	998.243450345591	107631	74627	5090	67843	1694	0.655927835051546	0.0563783405997271	0.971628666361137
Quercus_suber_NCBI.taxid58331	9.20968681953683	443606	151963	11430	124470	16063	0.755602564950089	0.0536182201140927	0.965647255969837
Python_bivittatus_NCBI.taxid176946	218.832391713748	221134	160717	30989	117723	12005	0.798068503734226	0.189532680770445	0.989568272754783
Puntigrus_tetrazona_NCBI.taxid1606681	3262.58979757506	587495	277927	13299	233551	31077	0.828804686526237	0.092582000178747	0.990550473112533
Punica_granatum_NCBI.taxid22663	6884.82575696203	373717	128089	3673	106627	17789	0.716543113538822	0.0681745888791376	0.990423377733192
Puma_concolor_NCBI.taxid9696	6.47935548841893	71530	54659	31925	20153	2581	0.907011762031934	0.164804290913735	0.974940738232306
Pteropus_vampyrus_NCBI.taxid132908	1518.78784446961	299385	161387	16213	121922	23252	0.762534098391497	0.150949765642244	0.982568400693073
Pteropus_giganteus_NCBI.taxid143291	193.372884957802	224279	157548	20352	115927	21269	0.846448178339711	0.254608791419268	0.993384690528625
Pseudochaenichthys_georgianus_NCBI.taxid52239	1129.7853230156	338366	227982	16107	193044	18831	0.87088402270884	0.150362911919002	0.991830820925429
Protobothrops_mucrosquamatus_NCBI.taxid103944	523.405726872247	139369	126933	42763	81772	2398	0.931615180166442	0.215841584158416	0.992896778658766
Procambarus_clarkii_NCBI.taxid6728	942.174303683738	226589	126097	8417	96658	21022	0.83726250870387	0.177504200758247	0.985250496916569
Pristis_pectinata_NCBI.taxid685728	383.341340075853	291417	189297	15900	148658	24739	0.792306159059199	0.203933755945561	0.99078912290056
Populus_trichocarpa_NCBI.taxid3694	1052.41473286562	277374	160386	12919	132725	14742	0.382388634009176	0.136788776305534	0.977234072317898
Pomphorhynchus_laevis_NCBI.taxid141832	2944.66571155683	87238	36848	1505	32946	2397	0.505542492442056	0.0473546959579596	0.979282465891865
Pomacea_canaliculata_NCBI.taxid400727	2600.27740641711	280473	186161	18824	151039	16298	0.60907267197308	0.172387167743778	0.974294302817628
Polypedilum_vanderplanki_NCBI.taxid319348	3302.19951338199	95019	48432	8012	38970	1450	0.415711098427852	0.0419244781125311	0.946793002915452
Pollicipes_pollicipes_NCBI.taxid41117	238.558563861095	154777	118878	32560	76710	9608	0.894874261371444	0.244839712552877	0.969172457359444
Polistes_fuscatus_NCBI.taxid30207	113.456064682597	55884	39632	14529	16336	8767	0.909198998748436	0.378818649267597	0.974643517689875
Polistes_dominula_NCBI.taxid743375	198.527628182973	80185	62356	6473	45635	10248	0.885499316005472	0.385625587958608	0.985637149028078
Polistes_canadensis_NCBI.taxid91411	416.012573227745	130125	69040	3867	52864	12309	0.794371405094495	0.171479918084173	0.988555613733264
Pogonomyrmex_barbatus_NCBI.taxid144034	1341.36399390639	147824	69777	2226	53452	14099	0.715295629820051	0.156152397829217	0.982176325750616
Podarcis_muralis_NCBI.taxid64176	9257.97355781552	585271	216444	8651	170250	37543	0.781128668171558	0.0933213687366082	0.990412919289346
Pocillopora_damicornis_NCBI.taxid46731	2392.5170185265	168391	118274	6734	98731	12809	0.857506685343181	0.211084011733298	0.988733776638359
Plutella_xylostella_NCBI.taxid51655	979.844056744988	100452	74559	14535	52420	7604	0.905381836302479	0.250008219628473	0.971046440546098
Pistacia_vera_NCBI.taxid55513	2244.26885644769	230263	127864	14322	98424	15118	0.819477026949705	0.135230871066426	0.974572243346008
Pipra_filicauda_NCBI.taxid649802	1081.85667044196	321128	181252	7645	144271	29336	0.786603560037041	0.17681449425606	0.991587339771126
Pipistrellus_kuhlii_NCBI.taxid59472	1265.47676161919	280046	156861	15151	125672	16038	0.863895541110731	0.119531354807936	0.979257250611685
Piliocolobus_tephrosceles_NCBI.taxid591936	377.098233215548	305699	174212	24503	118551	31158	0.84788400982733	0.197940423477394	0.992980927891179
Pieris_rapae_NCBI.taxid64459	1005.59019812305	136140	90536	8494	72459	9583	0.875760387668832	0.178687301883274	0.995165565642554
Phyllotreta_striolata_NCBI.taxid444603	469.964506199039	79462	55140	6085	45689	3366	0.879843840370156	0.134194474345174	0.962623517266081
Phyllostomus_discolor_NCBI.taxid89673	3.63484188625	28263	27674	27458	190	26	0.979418583912966	0.702702702702703	0.994764397905759
Photinus_pyralis_NCBI.taxid7054	1976.68106995885	189019	93162	10468	67485	15209	0.833970681963034	0.140908880344652	0.984722465417615
Phaseolus_vulgaris_NCBI.taxid3885	5750.46727952048	298048	116915	3102	107350	6463	0.781754032258065	0.0348772577398587	0.986917709358021
Phascolarctos_cinereus_NCBI.taxid38626	627.450161812298	265649	163491	8259	123248	31984	0.90016348773842	0.24289001450475	0.987619497888503
Peromyscus_maniculatus_NCBI.taxid10042	667.98961038961	228258	158389	21337	115778	21274	0.879078773895847	0.243833669539703	0.991776456680772
Periplaneta_americana_NCBI.taxid6978	2309.86114704614	85522	30728	1306	28363	1059	0.353259399513119	0.0255957847923817	0.701169315962523
Periophthalmus_magnuspinnatus_NCBI.taxid409849	5	110662	106238	98577	7213	448	0.962224369674075	0.47812166488794	0.99106897499313
Perca_fluviatilis_NCBI.taxid8168	3630.72301290259	521431	268044	6511	228876	32657	0.790265808957398	0.115833717589473	0.989682697546506
Penaeus_japonicus_NCBI.taxid27405	2229.1725388601	234740	132034	16837	96945	18252	0.866011727188561	0.156269799140396	0.984213197969543
Penaeus_chinensis_NCBI.taxid139456	2531.74893455099	304470	134328	6810	107282	20236	0.714660510022038	0.108908706345832	0.983030036468928
Pelodiscus_sinensis_NCBI.taxid13735	95.1058747836311	150004	122937	33558	81979	7400	0.895692094165377	0.249645772889819	0.988937946342405
Pecten_maximus_NCBI.taxid6579	1699.22591473649	332459	193245	15700	154272	23273	0.849659054010174	0.147335701036345	0.988783633077386
Patagioenas_fasciata_NCBI.taxid372321	308.672191528545	192796	146760	20303	118082	8375	0.86646466370775	0.167593852557432	0.989027740552131
Parasponia_andersonii_NCBI.taxid3476	3008.7799920564	214345	86723	1827	82809	2087	0.593374472231244	0.0170935270654337	0.928633106433562
Paramuricea_clavata_NCBI.taxid317549	380.264581478183	217610	127523	6265	117702	3556	0.462225173380552	0.0462388661335414	0.925686781857791
Paramormyrops_kingsleyae_NCBI.taxid1676925	1563.19621074487	491805	267912	6425	217337	44150	0.801521956087824	0.166732125862928	0.99243811446028
Paragonimus_kellicotti_NCBI.taxid100269	254.211491540691	76453	44070	3387	37464	3219	0.751497670290659	0.103681515122234	0.91601261644539
Paragonimus_heterotremus_NCBI.taxid100268	444.189786059351	58616	43068	9693	32020	1355	0.861906455628668	0.0976295122126954	0.956077752231943
Papilio_machaon_NCBI.taxid76193	615.951152073733	109185	79514	13352	59114	7048	0.904668337963277	0.203452456555626	0.988792988090459
Pantherophis_guttatus_NCBI.taxid94885	1671.8026272578	388130	202866	5982	165038	31846	0.748967071491173	0.149036639070756	0.991433583237216
Panthera_tigris_NCBI.taxid9694	66.2369423606738	152512	112514	26978	78897	6639	0.87056697537836	0.160925948369895	0.982919718941546
Panthera_leo_NCBI.taxid9689	187.405380352116	373183	206655	21040	135702	49913	0.753608653605072	0.239922514156068	0.988894232871322
Panicum_hallii_NCBI.taxid206008	1600.32050274941	263085	128490	6846	104495	17149	0.824819277108434	0.114768141450781	0.991771226818018
Pan_troglodytes_NCBI.taxid9598	876.495477117174	520542	224350	15517	149778	59055	0.774031027086347	0.16898978134774	0.991670859927435
Oxyura_jamaicensis_NCBI.taxid8884	190.348026652998	173835	141468	30843	99124	11501	0.885555140830917	0.293056440310868	0.993614739226752
Owenia_fusiformis_NCBI.taxid6347	6835.95366272449	256598	155807	11462	132862	11483	0.872896199832458	0.106387118292321	0.980307088415197
Ovis_aries_NCBI.taxid9940	2823.94807072403	498049	198218	6413	159240	32565	0.81187492087606	0.0989646170724221	0.988497327630623
Osmia_lignaria_NCBI.taxid473952	3746.70933977456	273191	84570	535	61690	22345	0.678934010152284	0.106472194294482	0.986471792247665
Osmia_bicornis_NCBI.taxid1437190	1608.10435264114	216186	80574	4916	57200	18458	0.769447487869776	0.121664733178654	0.98476370835844
Oryza_sativa_NCBI.taxid4530	3278.95076481836	379666	145336	4589	120123	20624	0.70050373988704	0.0819577018144825	0.988886419204268
Oryctolagus_cuniculus_NCBI.taxid9986	16855.2119126632	873696	188269	3170	156211	28888	0.492465434208482	0.0408004734255986	0.981052327480091
Orussus_abietinus_NCBI.taxid222816	193.208602685231	105522	68787	7043	49491	12253	0.822108089179409	0.260469367798988	0.991545288802516
Ornithorhynchus_anatinus_NCBI.taxid9258	56.0458911419424	159335	139069	55836	75570	7663	0.932122466695603	0.326085106382979	0.995219469795741
Orbicella_faveolata_NCBI.taxid48498	111.511361280638	144336	126232	32037	86922	7273	0.915055268344235	0.340863289122182	0.987884711551575
Oppiella_nova_NCBI.taxid334625	500.871193947917	55363	41979	3283	37420	1276	0.740081154192967	0.189345600237424	0.846836245134426
Ophiophagus_hannah_NCBI.taxid8665	35.8397435897436	99063	67922	24826	42227	869	0.680369426402477	0.0896245874587459	0.798574076175347
Onychostruthus_taczanowskii_NCBI.taxid356909	762.413812464907	265258	155258	18145	116253	20860	0.86487130600572	0.164033687455276	0.992690570323374
Onychomys_torridus_NCBI.taxid38674	755.784107946027	344417	187103	14734	145835	26534	0.844500487189775	0.147224626584105	0.993819083834212
Onthophagus_taurus_NCBI.taxid166361	683.170953912111	95848	59646	5175	45214	9257	0.818181818181818	0.211762821979229	0.987011285991836
Oncorhynchus_mykiss_NCBI.taxid8022	4219.1112164297	834567	432546	34636	335148	62762	0.819786982248521	0.138305655454481	0.990024370430544
Oncorhynchus_kisutch_NCBI.taxid8019	671.358182878446	568699	392846	69887	284642	38317	0.852550808793032	0.193125173256722	0.987243340732519
Olea_europaea_NCBI.taxid4146	1358.31006493507	322496	166829	11416	130051	25362	0.783904415299046	0.144166984043974	0.985145289822137
Oesophagostomum_dentatum_NCBI.taxid61180	2294.01771711341	158515	89527	8220	79381	1926	0.702624155910762	0.0357620320855615	0.853926419965577
Oenanthe_oenanthe_NCBI.taxid279966	121.038095238095	99011	81456	23426	57158	872	0.83670262161583	0.102721168571092	0.914176956048877
Odontomachus_brunneus_NCBI.taxid486640	2386.01997749221	239620	90946	1861	64818	24267	0.726102223956301	0.141600098029491	0.986875761266748
Odocoileus_virginianus_NCBI.taxid9874	3134.21386687209	599607	211841	6269	162622	42950	0.656233643881503	0.101155218502338	0.98285375833288
Octopus_sinensis_NCBI.taxid2607531	133.167516387473	125062	110643	28166	74292	8185	0.941156814916296	0.40320197044335	0.992744036881139
Octopus_bimaculoides_NCBI.taxid37653	43.9049559848753	77483	67926	32272	32193	3461	0.945782779438485	0.321534745447789	0.98760622143142
Nymphaea_thermarum_NCBI.taxid419125	3196.01143568841	250780	73750	1952	68957	2841	0.516675489677078	0.017352267521759	0.828043757580124
Nymphaea_colorata_NCBI.taxid210225	1170.51012658228	268074	116324	3719	93930	18675	0.715467487495191	0.110983009348127	0.992844081304766
Nylanderia_fulva_NCBI.taxid613905	4221.77310643977	214841	87595	4533	68390	14672	0.796101159114858	0.105362939131933	0.978467701552329
Nyctereutes_procyonoides_NCBI.taxid34880	670.457122668453	350021	164164	11546	143271	9347	0.749448266908996	0.0514886936403448	0.935922393519728
Numida_meleagris_NCBI.taxid8996	8332.93960149439	689242	200379	3363	153571	43445	0.515876668200644	0.0823987725057989	0.987785424840805
Notolabrus_celidotus_NCBI.taxid1203425	2974.25462962963	356689	234907	23792	188438	22677	0.820526969237136	0.164577723911198	0.992280310051394
Nothoprocta_perdicaria_NCBI.taxid30464	414.50853889943	209677	149232	21733	115765	11734	0.823562848156429	0.177323077388059	0.988472868548008
Nothobranchius_furzeri_NCBI.taxid105023	4841.32028298276	504863	221043	5917	193394	21732	0.6950546223423	0.0723963208863985	0.985854034021685
Nicrophorus_vespilloides_NCBI.taxid110193	1836.17233125541	118677	62837	2385	50949	9503	0.841863748676315	0.148201865194473	0.985054715594911
Neophocaena_asiaeorientalis_NCBI.taxid189058	292.41712926249	310554	175954	18319	130833	26802	0.792344290657439	0.17270665257623	0.989315366816388
Neomonachus_schauinslandi_NCBI.taxid29088	438.849673202614	145637	128075	2349	114304	11422	0.936602870813397	0.428014689350221	0.981630497324871
Nematolebias_whitei_NCBI.taxid451745	144.471434715995	170643	159420	29383	121581	8456	0.956695861687233	0.502436125965538	0.98766043866775
Nelumbo_nucifera_NCBI.taxid4432	3653.27868376099	400344	135065	2093	111461	21511	0.686905152609124	0.0755161434143225	0.991257870584469
Necator_americanus_NCBI.taxid51031	258.573375666205	134812	81377	7559	72087	1731	0.589533614100764	0.0487084247847375	0.833838430574191
Nasonia_vitripennis_NCBI.taxid7425	4981.56445985098	211027	81416	2451	64663	14302	0.690033783783784	0.100987847847424	0.981914538220913
Naja_naja_NCBI.taxid35670	1908.96904776497	279531	108200	4079	99107	5014	0.49586676391928	0.0347208276492462	0.781009645694112
Myotis_myotis_NCBI.taxid51298	1760.62587741825	597176	219880	7778	159779	52323	0.73760075865339	0.123050981388195	0.989852369948642
Myotis_lucifugus_NCBI.taxid59463	3932.000331458	533621	176944	12722	133189	31033	0.732285730731595	0.0815199117368919	0.982451610999646
Myotis_brandtii_NCBI.taxid109478	680.380118780442	346518	174916	15762	134851	24303	0.734859434006247	0.129242403292881	0.98411991797237
Mya_arenaria_NCBI.taxid6604	1026.05719180722	383615	284232	35349	218537	30346	0.685988744420726	0.27590282576281	0.983970967640265
Mustela_putorius_NCBI.taxid9668	1317.10175186306	285631	172837	27540	113444	31853	0.870885115264206	0.228431892829994	0.990206518513346
Musca_domestica_NCBI.taxid7370	1298.37540983607	80366	50263	7560	35610	7093	0.846963925610576	0.20143701011019	0.982941371315005
Musa_balbisiana_NCBI.taxid52838	2295.6390771419	353929	118227	2596	107856	7775	0.573701657458563	0.0350288340241485	0.846301120492138
Musa_acuminata_NCBI.taxid4641	3777.1498047234	340689	143323	5840	110775	26708	0.858949845565524	0.1200915479975	0.99356013382006
Mus_pahari_NCBI.taxid10093	246.14527027027	251327	179838	16728	141006	22104	0.874849641755138	0.243623939160145	0.996677881760864
Mus_musculus_NCBI.taxid10090	14275.7359476064	898058	258300	9644	178227	70429	0.405141992942363	0.101562466201844	0.985774257600982
Motacilla_alba_NCBI.taxid45807	746.248175051353	282033	172321	11523	132681	28117	0.792612463887742	0.209717239373168	0.994431286725027
Morus_notabilis_NCBI.taxid981085	643.960818663173	191749	103113	5320	89406	8387	0.788031402755147	0.0884163697315988	0.991857111160417
Monodelphis_domestica_NCBI.taxid13616	12062.6056778587	871174	231630	7867	174977	48786	0.417369621730596	0.0723520879864034	0.982801521015058
Molothrus_ater_NCBI.taxid84834	821.936292615929	250110	165001	15007	132034	17960	0.875758636788049	0.179821180051463	0.992013343651623
Molossus_molossus_NCBI.taxid27622	327.700570342205	356476	180515	26047	124359	30109	0.865751512331317	0.150295509454306	0.986522077139095
Mizuhopecten_yessoensis_NCBI.taxid6573	1996.63595251555	326724	195718	9617	166385	19716	0.385250170251973	0.151600898102298	0.968994053893506
Miscanthus_lutarioriparius_NCBI.taxid422564	3707.1400956699	486535	202196	11273	182911	8012	0.675636799520527	0.0296010581306851	0.918301670816933
Mirounga_leonina_NCBI.taxid9715	8.37780734847466	96754	91458	52258	25749	13451	0.966791852441123	0.796341246817832	0.997636574970941
Mirounga_angustirostris_NCBI.taxid9716	2116.57546145494	457721	189144	7883	146809	34452	0.771632732967893	0.115222153475694	0.988612794612795
Miniopterus_natalensis_NCBI.taxid291302	1396.98517046472	283372	162924	10768	129371	22785	0.877444589308996	0.162554934079105	0.988077780832799
Microtus_ochrogaster_NCBI.taxid79684	759.283930635838	260788	173543	13645	137266	22632	0.895929087327643	0.211204121056021	0.991799192202368
Micropterus_salmoides_NCBI.taxid27706	952.465011899088	389275	260941	23722	213028	24191	0.865355853062416	0.164757403220094	0.990671242687203
Microcebus_murinus_NCBI.taxid30608	1043.34688847813	445454	216144	9829	159826	46489	0.737746753734144	0.171776851564463	0.989665314715626
Meriones_unguiculatus_NCBI.taxid10047	1907.98179169701	352820	184759	15569	149279	19911	0.817227442129022	0.109191714788674	0.985860520406815
Mercenaria_mercenaria_NCBI.taxid6596	2502.55159186467	394968	239454	29758	183839	25857	0.599947581701982	0.165560030477849	0.971726536566801
Melospiza_melodia_NCBI.taxid44397	422.821505376344	142574	93604	12804	78137	2663	0.781828173658179	0.0713061639800782	0.879416101113099
Meloidogyne_enterolobii_NCBI.taxid390850	126.401312931329	143485	124186	55198	63918	5070	0.918848734040251	0.294973237142192	0.965178787146654
Melitaea_cinxia_NCBI.taxid113334	573.139918700511	97506	67020	11638	52657	2725	0.848621846288464	0.0949742088387007	0.955662431941924
Melipona_quadrifasciata_NCBI.taxid166423	59.2799503414029	57729	37779	9199	26618	1962	0.740421764327109	0.140132847653739	0.850306670074112
Melanaphis_sacchari_NCBI.taxid742174	1342.20010812224	147982	83265	4038	70724	8503	0.814934409687185	0.118477337011802	0.992506104577732
Megachile_rotundata_NCBI.taxid143995	3370.54064697609	348665	81914	2230	54794	24890	0.629765602937023	0.0860912034090595	0.978254659715775
Medioppia_subpectinata_NCBI.taxid1979941	811.058477061608	39613	30860	4030	25570	1260	0.807615230460922	0.242914979757085	0.868664220682158
Mastomys_coucha_NCBI.taxid35658	994.976529261031	425257	223651	8161	169501	45989	0.760081959579026	0.18873708791096	0.992086764645631
Marmota_flaviventris_NCBI.taxid93162	617.880635154833	271038	148933	25206	105404	18323	0.868124677113828	0.135001915652353	0.991766953019882
Marchantia_polymorpha_NCBI.taxid3197	657.078516233874	139542	74163	3564	64640	5959	0.740648379052369	0.0860754008377871	0.986870229007634
Manis_javanica_NCBI.taxid9974	4582.71022891915	653214	222048	4937	165029	52082	0.585091253851624	0.109382646042697	0.978639751884292
Maniola_jurtina_NCBI.taxid191418	502.935190793458	127022	91181	14656	66918	9607	0.898204326775755	0.222410001157541	0.991230928751296
Manihot_esculenta_NCBI.taxid3983	2287.20719743049	282879	143597	2800	111728	29069	0.89058524173028	0.173577357138592	0.995216674831871
Malus_baccata_NCBI.taxid106549	897.404422788606	233855	125494	9586	112304	3604	0.670021667715105	0.0392122728756392	0.879863363575111
Macrostomum_lignano_NCBI.taxid282301	333.439293598234	115539	92331	28648	61612	2071	0.834221484522873	0.116682630007324	0.971047613043547
Macaca_mulatta_NCBI.taxid9544	5363.12381699217	922374	243495	3624	180981	58890	0.345669591758871	0.0808597579562212	0.985778247418188
Lynx_pardinus_NCBI.taxid191816	89.9082522277898	325165	149910	8423	134162	7325	0.535507661008329	0.0448736798255287	0.91766073871409
Lynx_canadensis_NCBI.taxid61383	0.978221672454263	39711	39104	38443	590	71	0.985187463160862	0.731958762886598	0.994940978077572
Lupinus_albus_NCBI.taxid3870	4590.01361107209	450950	141660	3844	131126	6690	0.721336085569525	0.0220827790632809	0.919086002663489
Lucilia_cuprina_NCBI.taxid7375	2498.71077763806	83539	46117	2740	37601	5776	0.827794561933535	0.138181818181818	0.97845377189102
Loxodonta_africana_NCBI.taxid9785	3942.1957277695	594684	171257	6332	129179	35746	0.751126927639383	0.0785300172016459	0.985610193415481
Lonchura_striata_NCBI.taxid40157	1814.38826561848	224139	159686	4102	129963	25621	0.909332742185768	0.290576480328445	0.988650108402115
Loa_loa_NCBI.taxid7209	38.2545210984595	63403	55904	24372	30478	1054	0.913801507255071	0.181473829201102	0.985577544948907
Lingula_anatina_NCBI.taxid7574	327.76701754386	285653	212232	29307	162546	20379	0.904397469526308	0.230994185189803	0.984978033631268
Linepithema_humile_NCBI.taxid83485	1550.13904721725	183554	82780	3468	64242	15070	0.706169822846671	0.132948690803868	0.983933467093474
Leptonychotes_weddellii_NCBI.taxid9713	911.774209860934	373920	180730	10539	141828	28363	0.700777977259126	0.13222104124711	0.98239926854103
Leptinotarsa_decemlineata_NCBI.taxid7539	2073.11170212766	110240	59484	4710	48101	6673	0.721949724095647	0.122325896867152	0.978358588426726
Lepisosteus_oculatus_NCBI.taxid7918	1592.43433416572	418869	205141	3922	170414	30805	0.590840614642965	0.128179522067849	0.991332371556217
Lepidothrix_coronata_NCBI.taxid321398	607.422490244768	232356	155285	18065	117895	19325	0.854743316773125	0.209507805724198	0.990872492246661
Lepeophtheirus_salmonis_NCBI.taxid72036	3471.63955469583	133391	55764	3403	40678	11683	0.684846045481988	0.134205598888034	0.983296671420629
Lates_calcarifer_NCBI.taxid8187	2842.44885993485	478397	264386	10736	224083	29567	0.835226388672787	0.123818537394312	0.988238147739802
Lamprotornis_superbus_NCBI.taxid245042	626.338873702963	203007	105688	5879	94812	4997	0.652135330005546	0.0627961043041156	0.828653084768872
Lamellibrachia_satsuma_NCBI.taxid104711	55.5464052287582	155284	130426	45713	82700	2013	0.886735723153321	0.111939053550576	0.964442734026053
Lactuca_saligna_NCBI.taxid75948	102.383885106834	123966	98793	16684	78660	3449	0.90159416373953	0.131646246039925	0.992404935530267
Lacerta_agilis_NCBI.taxid80427	41.3606060606061	172607	155483	68913	80038	6532	0.918913513081047	0.382301299309376	0.993927502576776
Juglans_regia_NCBI.taxid51240	5103.22918554004	415159	150736	4529	125155	21052	0.8166245943022	0.0742729527485438	0.991939574549028
Ixodes_scapularis_NCBI.taxid6945	1121.31102530264	175832	118827	16881	90944	11002	0.860924112607099	0.171715752836697	0.986880513927924
Ischnura_elegans_NCBI.taxid197161	3089.159686441	210418	113148	6529	92677	13942	0.755671296296296	0.129040020732294	0.988723408795101
Ipomoea_triloba_NCBI.taxid35885	1509.98496844325	285724	147392	6937	124400	16055	0.802058041392068	0.105776009170988	0.992880630846343
Ipomoea_nil_NCBI.taxid35883	789.171840354767	238292	143318	8177	123834	11307	0.792114695340502	0.110216494945852	0.98766948476631
Intoshia_linei_NCBI.taxid1819745	78.8358807353908	50100	34539	7366	26117	1056	0.779058699101005	0.0901639344262295	0.902671689766011
Ignelater_luminosus_NCBI.taxid2038154	380.78510998308	89590	57930	6121	50296	1513	0.759617771159097	0.0522318500362481	0.956834395510321
Hymenochirus_boettgeri_NCBI.taxid247094	765.772226304189	188291	143007	13858	122030	7119	0.841255387603958	0.153221987861048	0.973467564376655
Hydra_vulgaris_NCBI.taxid6087	2513.33018887507	235833	133586	8205	112054	13327	0.710697271546124	0.120068471552773	0.989063755042236
Homo_sapiens_NCBI.taxid9606	10455.9447132728	1247849	308243	8311	186070	113862	0.291675440443602	0.110775355494501	0.971690575536187
Homarus_americanus_NCBI.taxid6706	1174.087519297	254506	141403	10842	106839	23722	0.761376404494382	0.180644080445328	0.980651142298549
Hirundo_rustica_NCBI.taxid43150	641.953212290503	287433	179863	10402	140685	28776	0.781928888220702	0.217489229839014	0.991996897475673
Hibiscus_syriacus_NCBI.taxid106335	222.843342036554	485352	325168	46093	263352	15723	0.79906039803065	0.100810433043099	0.969267800752295
Heterocephalus_glaber_NCBI.taxid10181	2188.28359798044	483477	203309	17264	144167	41878	0.723645051766777	0.13346931620799	0.988426862294745
Herrania_umbratica_NCBI.taxid108875	2252.00711354776	220003	103183	2336	88503	12344	0.792939579090292	0.0965046008552822	0.992787113274852
Hermetia_illucens_NCBI.taxid343691	2569.93065998329	159514	72865	3737	55231	13897	0.839586609750618	0.14001591891429	0.989625515140656
Harpegnathos_saltator_NCBI.taxid610380	1826.52404643449	200902	86302	2391	63959	19952	0.668063704945515	0.150421061361118	0.988822238026035
Harmonia_axyridis_NCBI.taxid115357	5207.78657964323	149897	71699	4846	57496	9357	0.306282391606624	0.126215687596952	0.959225892559226
Halyomorpha_halys_NCBI.taxid286706	1604.12572054501	220477	109636	3166	91589	14881	0.663453478625314	0.121122587681814	0.986461452297353
Haliotis_rufescens_NCBI.taxid6454	1249.48740477916	381978	241352	18008	193800	29544	0.787889394469724	0.180447821360077	0.991831971995333
Halichoerus_grypus_NCBI.taxid9711	83.0515244695236	205533	143649	29652	97379	16618	0.85373718760797	0.228504640770024	0.992893266446429
Habropoda_laboriosa_NCBI.taxid597456	24.6643332838781	64496	49704	19923	26215	3566	0.870722433460076	0.244699101077335	0.969417942459877
Gymnogyps_californianus_NCBI.taxid33616	125.676083644924	196492	145904	33250	99360	13294	0.826559276108087	0.238090121068844	0.98935566420058
Gymnodraco_acuticeps_NCBI.taxid8218	3620.84656084656	356257	230089	19858	188251	21980	0.896078696809711	0.152252969902677	0.992199482425118
Grammomys_surdaster_NCBI.taxid491861	475.810849472027	239984	166227	17492	129868	18867	0.891811971041093	0.210374318432702	0.99373311806071
Gossypium_trilobum_NCBI.taxid34281	3498.52826153376	172857	63367	2004	58996	2367	0.665338645418327	0.0237112575882035	0.842571302075151
Gossypium_klotzschianum_NCBI.taxid34286	2982.82076236821	172659	64426	1945	60166	2315	0.666095890410959	0.0235441287146838	0.842507666671334
Gossypium_davidsonii_NCBI.taxid34287	3111.11490514905	174165	64270	2334	59631	2305	0.674761491760624	0.0229867863375717	0.846658431656515
Gossypium_australe_NCBI.taxid47621	2944.58358662614	318803	102105	2926	94708	4471	0.660347551342812	0.0221251200031671	0.843393235613657
Gorilla_gorilla_NCBI.taxid9593	1613.99816581071	490339	206437	10701	159104	36632	0.696543643819566	0.116714086809129	0.98751823231853
Gopherus_evgoodei_NCBI.taxid1825980	334.969054564907	228418	147928	28333	98545	21050	0.86425891468139	0.219371378548501	0.988623481375214
Glycine_max_NCBI.taxid3847	2065.24498159838	530808	242471	9886	199964	32621	0.745719242664253	0.103276114252427	0.991447228158204
Glossina_fuscipes_NCBI.taxid7396	450.821568547373	113381	56984	2820	40246	13918	0.85222121486854	0.201220217441591	0.983913553686681
Gigantopelta_aegis_NCBI.taxid1735272	1002.16237503444	257676	168476	10744	139895	17837	0.791979949874687	0.173137776397274	0.991544284418235
Gekko_japonicus_NCBI.taxid146911	643.999266980959	231398	149248	18700	119899	10649	0.850889566364836	0.122057171675492	0.981370984243912
Gallus_gallus_NCBI.taxid9031	9831.51919191919	708768	203958	2829	156335	44794	0.400198047814401	0.082519541144633	0.984043557625732
Gadus_morhua_NCBI.taxid8049	1785.95225637672	343193	217631	24923	170169	22539	0.896865666270827	0.156832319746163	0.991141009959811
Fundulus_heteroclitus_NCBI.taxid8078	1521.3156974202	346669	248219	26190	196310	25719	0.892029972752044	0.214167943508094	0.995380816444496
Fragaria_vesca_NCBI.taxid57918	3908.5502063894	315730	119941	3573	105068	11300	0.668225172994202	0.055383469259724	0.987936173613788
Felis_catus_NCBI.taxid9685	32.5286710911265	156066	141873	55074	78058	8741	0.946581416933072	0.446242597508679	0.996960253397364
Exaiptasia_diaphana_NCBI.taxid2652724	1581.04490198297	216680	141963	5740	125237	10986	0.875	0.132219668066772	0.985877462981477
Eurytemora_affinis_NCBI.taxid88015	15099.3304564389	569668	184707	631	169734	14342	0.274109470026064	0.0363578287719156	0.98170019317748
Eumeta_japonica_NCBI.taxid151549	311.567595249099	94856	46379	7722	37120	1537	0.554701530062496	0.045851854061633	0.782891129202345
Eufriesea_mexicana_NCBI.taxid516756	50.8312195132351	88249	61382	13383	40527	7472	0.827797365002783	0.242204213938412	0.982901629802096
Eudyptes_filholi_NCBI.taxid1419345	28.1098666666666	82905	65549	36396	28602	551	0.836401240951396	0.0724332851321152	0.899915048925526
Erinaceus_europaeus_NCBI.taxid9365	20.6933505487411	100089	93468	47263	43936	2269	0.955966828478964	0.360330316023503	0.990620490620491
Equus_caballus_NCBI.taxid9796	1038.89564551804	376896	204322	19941	146961	37420	0.772607516466486	0.184318631845452	0.992523705324581
Equus_asinus_NCBI.taxid9793	2039.88049844237	585087	201030	3276	168007	29747	0.553191489361702	0.0730276256385959	0.977774027213577
Ephemera_danica_NCBI.taxid1049336	283.143126177024	95800	57631	4813	51093	1725	0.532176028306059	0.0812452901281085	0.779760087906721
Enhydra_lutris_NCBI.taxid34882	189.673220024296	214042	151693	22812	113924	14957	0.885696536729306	0.203446774939471	0.992646033737627
Elysia_chlorotica_NCBI.taxid188477	256.228360957643	127426	103384	27093	74372	1919	0.869201154956689	0.101298564189189	0.961972268211921
Electrophorus_electricus_NCBI.taxid8005	1257.50120096077	386057	238893	13240	194680	30973	0.853973168214654	0.177528257330857	0.992834740036209
Echinococcus_granulosus_NCBI.taxid6210	9508.13461538462	280511	46305	240	42035	4030	0.27681660899654	0.0176739657660107	0.814237288135593
Durio_zibethinus_NCBI.taxid66656	1124.57503320053	456183	201312	12749	147645	40918	0.766995548068824	0.141332430677406	0.984004798560432
Dufourea_novaeangliae_NCBI.taxid178035	35.0691886510702	57771	49804	16538	29713	3553	0.913701657458564	0.375224416517056	0.983809019270247
Drosophila_virilis_NCBI.taxid7244	397.20230737536	71326	52314	4863	39487	7964	0.530489800370896	0.36129383477748	0.984320470635158
Drosophila_takahashii_NCBI.taxid29030	411.98580565343	50170	31727	5742	21944	4041	0.579473206176203	0.231815052776503	0.961233518769986
Drosophila_suzukii_NCBI.taxid28584	2158.47217928903	86035	49013	5978	35256	7779	0.866753661012034	0.180869120416657	0.97583658556838
Drosophila_subpulchrella_NCBI.taxid1486046	767.592787220727	106251	57340	2360	43072	11908	0.82661996497373	0.198314625453819	0.99358708189158
Drosophila_simulans_NCBI.taxid7240	626.991039426524	55785	38814	7623	24934	6257	0.907608048577212	0.281390537866523	0.991411530815109
Drosophila_serrata_NCBI.taxid7274	511.61273934169	72912	49828	6386	37341	6101	0.548766864312108	0.264834830924165	0.976541660128668
Drosophila_sechellia_NCBI.taxid7238	2001.30292887029	129883	54559	2079	41626	10854	0.624136895827079	0.12897476115785	0.98183790923672
Drosophila_santomea_NCBI.taxid129105	1680.39871154453	119091	55602	2201	43586	9815	0.167325528356393	0.162033215571037	0.960827105791063
Drosophila_pseudoobscura_NCBI.taxid7237	3865.46735905045	136361	54447	675	39389	14383	0.752508361204013	0.150830021287975	0.982146864480738
Drosophila_persimilis_NCBI.taxid7234	462.423723469103	67718	48158	4171	38196	5791	0.529987293519695	0.278533981049493	0.977955296105692
Drosophila_obscura_NCBI.taxid7282	2432.91557777152	124028	53047	2633	41852	8562	0.184849761303005	0.130355348497305	0.948981905582513
Drosophila_novamexicana_NCBI.taxid47314	3961.12691914023	178955	52153	906	43624	7623	0.0491669832311282	0.0677593976942427	0.908322401982218
Drosophila_navojoa_NCBI.taxid7232	124.893385214008	48394	38611	6668	28248	3695	0.721723130208897	0.368284660619954	0.96998832497768
Drosophila_melanogaster_NCBI.taxid7227	4915.62497422999	171116	59087	991	42672	15424	0.456051541647492	0.122542048352626	0.990621227597734
Drosophila_mauritiana_NCBI.taxid7226	5485.70189701897	146280	54422	865	42969	10588	0.688146380270485	0.104349197275962	0.986523096703095
Drosophila_kikkawai_NCBI.taxid30033	554.753518295135	88184	52757	4564	40271	7922	0.359766671921804	0.23059234463688	0.978805629147121
Drosophila_innubila_NCBI.taxid198719	140.282618310482	45974	38007	16092	19414	2501	0.832703751617076	0.361782149573268	0.983684637211188
Drosophila_hydei_NCBI.taxid7224	1952.37084804794	115749	51595	3538	39852	8205	0.24452277282466	0.138243024666397	0.950486548368632
Drosophila_gunungcola_NCBI.taxid103775	1233.51996927803	118055	56370	1539	42539	12292	0.600234009360374	0.170082052275463	0.984243405830634
Drosophila_guanche_NCBI.taxid7266	545.80412371134	92863	50447	2034	40272	8141	0.764087152516905	0.16463426965156	0.988221436984688
Drosophila_grimshawi_NCBI.taxid7222	274.741286558969	46822	33232	4207	27821	1204	0.799809885931559	0.10069415405202	0.939739908799189
Drosophila_ficusphila_NCBI.taxid30025	860.302968258454	103962	53380	3514	41834	8032	0.245648374694163	0.172987874480412	0.967797159117198
Drosophila_eugracilis_NCBI.taxid29029	567.114870881568	82406	51007	5891	37389	7727	0.456560489808572	0.247161180948725	0.977745815899582
Drosophila_erecta_NCBI.taxid7220	1322.68948247078	123789	54091	1439	41670	10982	0.668680297397769	0.138072367924766	0.989809734197962
Drosophila_elegans_NCBI.taxid30023	1619.86829755945	119316	55031	1997	43823	9211	0.146525790593587	0.153767820773931	0.95714753740308
Drosophila_busckii_NCBI.taxid30019	265.51491365777	71481	47584	2877	38139	6568	0.397760265450021	0.261454559929939	0.974748894625195
Drosophila_bipectinata_NCBI.taxid42026	550.027865404837	63509	41970	7239	28991	5740	0.619406177804398	0.259916681760551	0.974880624117291
Drosophila_biarmipes_NCBI.taxid125945	1231.5887380541	119315	58628	2718	44792	11118	0.203855096377409	0.186863423980638	0.963600378624903
Drosophila_arizonae_NCBI.taxid7263	3036.51004442978	146994	45420	1138	38366	5916	0.0789510198418205	0.0651355338779645	0.91885807347799
Drosophila_albomicans_NCBI.taxid7291	2052.52701391136	127508	56473	3383	43388	9702	0.219832347780882	0.145346137136522	0.956356903544348
Dissostichus_mawsoni_NCBI.taxid36200	601.264061574897	226311	117094	12980	100033	4081	0.569048662867163	0.0579539322332358	0.751658739283004
Dirofilaria_immitis_NCBI.taxid6287	284.024647022475	98674	57732	2395	50983	4354	0.58672219500245	0.142899340313105	0.79508132807261
Diploscapter_pachys_NCBI.taxid2018661	551.156680490596	266947	197158	180	171330	25648	0.728744939271255	0.331121381910196	0.905348706946661
Dinoponera_quadriceps_NCBI.taxid609295	842.717578514136	158705	74503	3597	54714	16192	0.783660130718954	0.164097574817833	0.986869160564193
Dimorphilus_gyrociliatus_NCBI.taxid2664684	1419.32406236831	134969	68926	919	64205	3802	0.61144377910845	0.0618352145203786	0.891983884412337
Digitaria_exilis_NCBI.taxid1010633	1042.92758587346	346344	181181	11406	166407	3368	0.6349011967715	0.0246561102204262	0.867697361560121
Dictyocaulus_viviparus_NCBI.taxid29172	3631.11071428571	356389	85173	273	78426	6474	0.372442019099591	0.0250129430582708	0.809934937519364
Dichanthelium_oligosanthes_NCBI.taxid888268	234.727965785613	102868	57539	5659	50801	1079	0.672409695817491	0.0351454350021172	0.7968659315148
Diaphorina_citri_NCBI.taxid121845	2884.6	171225	68391	1386	56390	10615	0.40969553650606	0.100497041420118	0.90634392529373
Diabrotica_virgifera_NCBI.taxid50389	1036.8808988764	116869	74134	7738	57347	9049	0.83953564066399	0.185032205295982	0.976168995863619
Dermochelys_coriacea_NCBI.taxid27794	1189.99240719059	441519	220597	12659	159694	48244	0.757479655337482	0.183173297795192	0.989258369056174
Dendroctonus_ponderosae_NCBI.taxid77166	2252.10078387458	164704	82457	4355	67785	10317	0.789092226852691	0.114495938207484	0.98129623463671
Dendrobium_catenatum_NCBI.taxid906689	5383.24279785223	299920	105492	2107	84386	18999	0.817934782608696	0.0895511835518811	0.990608785481182
Daucus_carota_NCBI.taxid4039	3304.49449964624	292808	148185	9934	119063	19188	0.867522487119029	0.118950350565058	0.991811472268964
Daphnia_galeata_NCBI.taxid27404	3495.05316645109	173732	83645	2628	76692	4325	0.72797783933518	0.0496048813497115	0.924746482100008
Danionella_translucida_NCBI.taxid623744	266.411512027491	255197	169164	12749	149207	7208	0.67008304425523	0.113490364025696	0.864171575185771
Danio_rerio_NCBI.taxid7955	153.283003192175	226457	199439	67051	120786	11602	0.945218997138306	0.340184723647559	0.994819420994111
Danaus_plexippus_NCBI.taxid13037	130.324445517438	78783	61702	12940	47335	1427	0.853674627259533	0.107787597250548	0.939447465565832
Cyprinus_carpio_NCBI.taxid7962	823.870389884088	542173	417569	44266	328940	44363	0.895402229099662	0.276597999850363	0.98974568825448
Cyclopterus_lumpus_NCBI.taxid8103	3759.71821631879	448984	223728	14588	186223	22917	0.874632771748906	0.0938825004199047	0.989484702606774
Cyanistes_caeruleus_NCBI.taxid156563	3274.60829000336	487512	182052	3222	151653	27177	0.541876892028254	0.0830245282384821	0.983297564011956
Cuscuta_campestris_NCBI.taxid132261	3053.15010647649	512967	171058	4311	157700	9047	0.621092061662585	0.0265506463777898	0.954132658926313
Cuscuta_australis_NCBI.taxid267555	5635.76245210728	265656	75958	593	72892	2473	0.556807511737089	0.0131596451738212	0.950748682631606
Culex_quinquefasciatus_NCBI.taxid7176	39.0611111111111	14900	11529	7741	3641	147	0.809474014430618	0.128721541155867	0.867938021454112
Cucurbita_pepo_NCBI.taxid3663	2204.64455958549	355121	155569	5820	131779	17970	0.806429264237218	0.0837067608231864	0.989138756699143
Cucurbita_moschata_NCBI.taxid3662	4898.52087515069	470911	154235	1493	134149	18593	0.709600760456274	0.055790771852861	0.989708139054477
Cucumis_melo_NCBI.taxid3656	4340.03863298663	290495	110315	2120	91580	16615	0.808543096872616	0.0849233568621037	0.992995467655542
Ctenocephalides_felis_NCBI.taxid7515	34.0007523230037	67773	61188	29374	29866	1948	0.928763398362159	0.339905775606351	0.981949695873746
Cryptotermes_secundus_NCBI.taxid105785	507.559428950863	196338	109730	4880	85264	19586	0.70940543683675	0.189873295008386	0.987926679489259
Crotalus_tigris_NCBI.taxid88082	2125.20720720721	443160	220652	5942	172504	42206	0.772691807542263	0.161162342249461	0.993772503384509
Crotalus_adamanteus_NCBI.taxid8729	NA	2214	1541	1179	330	32	0.722426470588235	0.143497757847534	0.919220055710306
Crocodylus_porosus_NCBI.taxid8502	2166.73275534384	381884	140912	16028	112357	12527	0.704651367273367	0.051330066216482	0.976253366930229
Crassostrea_virginica_NCBI.taxid6565	768.863228881322	337745	253689	50873	182071	20745	0.786764819597594	0.236706983112734	0.981811220638036
Crassostrea_gigas_NCBI.taxid29159	53.8259706623722	109019	100610	59927	35602	5081	0.941685785222666	0.536990065525259	0.991174587265792
Cottoperca_gobio_NCBI.taxid56716	1511.62823949955	320024	220076	17708	179911	22457	0.90002541296061	0.189242255704992	0.99025764939647
Corymbia_citriodora_NCBI.taxid34329	673.085017064712	211069	115729	8417	95161	12151	0.843386773547094	0.115985605605032	0.987905653717584
Corvus_cornix_NCBI.taxid181096	1848.46853146853	403448	180078	5164	143400	31514	0.643248629795715	0.125592813703063	0.992401278910435
Corchorus_olitorius_NCBI.taxid93759	6984.062020476	257879	81417	2155	76035	3227	0.58879781420765	0.0194833030447567	0.858279715543515
Corchorus_capsularis_NCBI.taxid210143	8227.71400519374	290074	85467	1718	81262	2487	0.594669435790931	0.0126083650190114	0.903563684883527
Coptotermes_formosanus_NCBI.taxid36987	740.200532080145	167895	60664	1750	56235	2679	0.531753266484351	0.0279744376918739	0.816917981347512
Coptis_chinensis_NCBI.taxid261450	1783.52892336563	227312	88181	6123	77133	4925	0.544121567581978	0.0401624438337397	0.825552273311071
Contarinia_nasturtii_NCBI.taxid265458	1319.14527191873	149463	85358	3541	69094	12723	0.825407925407925	0.16842955294616	0.992245167590545
Colossoma_macropomum_NCBI.taxid42526	707.664176874813	370391	258651	25542	207967	25142	0.900063429417154	0.189652181128318	0.992947995645614
Colias_croceus_NCBI.taxid72248	1722.04727181292	131790	89832	9395	70609	9828	0.89758287952613	0.19634009908902	0.990767115214615
Coffea_eugenioides_NCBI.taxid49369	678.718525532192	183570	98010	10407	77290	10313	0.751516464471404	0.112678364617704	0.988413729602537
Coffea_arabica_NCBI.taxid13443	442.004727987592	284800	182555	28052	131561	22942	0.851195533438524	0.192798016723392	0.990304782121055
Coccinella_septempunctata_NCBI.taxid41139	5879.07586206896	122618	67077	7875	51592	7610	0.469756621331424	0.145173597863411	0.96552756671782
Clunio_marinus_NCBI.taxid568069	514.946952595937	59000	40310	2467	36154	1689	0.396751366999035	0.144792113159023	0.879295668458302
Clonorchis_sinensis_NCBI.taxid79923	852.536458477763	130120	65866	3277	60353	2236	0.537830297062203	0.0364163450106676	0.963705170376521
Cloeon_dipterum_NCBI.taxid197152	1351.80808895318	252451	94900	4224	84385	6291	0.53781512605042	0.0427348685551253	0.866491420826188
Clarias_magur_NCBI.taxid1594786	285.344677643785	206800	146711	31101	113222	2388	0.762148650966746	0.067715865589111	0.866088366685025
Citrus_unshiu_NCBI.taxid55188	2052.94780987885	225186	95691	651	76431	18609	0.211363636363636	0.135735021663336	0.899103613777527
Ciona_intestinalis_NCBI.taxid7719	2858.34503424658	187687	126940	715	96908	29317	0.743243243243243	0.329330487530892	0.991842792078195
Cinnamomum_micranthum_NCBI.taxid337465	500.032967032967	211581	101088	8222	89897	2969	0.689880852492029	0.0285203792470774	0.940719114292292
Cimex_lectularius_NCBI.taxid79782	482.580786026201	169765	100771	6734	79849	14188	0.769160479725871	0.176557697333217	0.990055919951396
Chloebia_gouldiae_NCBI.taxid44316	871.415807560138	228270	110437	10163	96133	4141	0.612524108003857	0.0408777714161616	0.870959266507212
Chiroxiphia_lanceolata_NCBI.taxid296741	2.69368171289179	35028	34511	33863	609	39	0.98556418987747	0.661016949152542	0.998360655737705
Chelonus_insularis_NCBI.taxid460826	440.514703926036	97428	61316	3774	45897	11645	0.823657791357486	0.250252508972127	0.991017640835187
Cervus_elaphus_NCBI.taxid9860	21.4466995599493	74250	51398	22250	28214	934	0.724118853125915	0.101587992168806	0.82187072154738
Ceratotherium_simum_NCBI.taxid9807	73.8834951456311	172123	120268	33929	78542	7797	0.868771444666359	0.14897113051453	0.972897312027747
Ceratosolen_solmsi_NCBI.taxid142686	2217.69701848678	168807	58980	1707	50107	7166	0.722081218274112	0.0631399016688107	0.94632570964513
Ceratitis_capitata_NCBI.taxid7213	1145.87333333333	133430	62990	4940	44867	13183	0.748258103604968	0.161792319681889	0.989414955785388
Cephus_cinctus_NCBI.taxid211228	2661.23190571967	282233	96669	1806	64500	30363	0.588657105606258	0.141964774145888	0.98793040068619
Centruroides_sculpturatus_NCBI.taxid218467	594.546428571428	243567	147067	12762	117280	17025	0.809052871814378	0.157446454333592	0.980102121827496
Catharus_ustulatus_NCBI.taxid91951	1948.60120307324	337543	183104	13411	141318	28375	0.831844684282347	0.15858334078512	0.991753980897307
Carpinus_fangiana_NCBI.taxid176857	263.997554788691	157518	80779	5076	72814	2889	0.675359233634912	0.0404061595267067	0.927531431919799
Carassius_auratus_NCBI.taxid7957	1985.76518691589	792718	536504	47582	434857	54065	0.849906224881665	0.181776918550895	0.989868156282153
Capsicum_chinense_NCBI.taxid80379	3277.54526315789	289542	89869	3593	82483	3793	0.645758447160316	0.0195382523231616	0.918048661042228
Capsicum_baccatum_NCBI.taxid33114	810.525043177893	182402	89653	4475	83302	1876	0.596030900372935	0.0221558229896189	0.92331053745802
Capsicum_annuum_NCBI.taxid4072	4778.17048441607	444917	147175	5294	113869	28012	0.73742861122719	0.0870724785442745	0.981383964353739
Cannabis_sativa_NCBI.taxid3483	4490.31484794275	281901	114597	4475	97714	12408	0.80951519536903	0.0697643037063692	0.991849122486474
Canis_lupus_NCBI.taxid9612	355.214014914934	237419	176465	41230	112873	22362	0.862498169570947	0.294449930871025	0.992979739775317
Camponotus_floridanus_NCBI.taxid104421	411.009438909282	125937	83928	5915	64145	13868	0.789719626168224	0.258211067252551	0.990824696087366
Camelina_sativa_NCBI.taxid90675	2683.04181520126	707255	373416	22585	316255	34576	0.810369573017582	0.0964675618895098	0.985328572674817
Camarhynchus_parvulus_NCBI.taxid87175	238.000038304408	197989	158807	16074	126413	16320	0.90608793686584	0.307067058026643	0.994586982006436
Callosobruchus_maculatus_NCBI.taxid64391	1531.52516749699	151270	78607	6128	64546	7933	0.414277988101677	0.116198678794803	0.946325157241925
Callorhinchus_milii_NCBI.taxid7868	1120.56483050847	275727	167857	14720	136618	16519	0.767786355101189	0.139926305535555	0.98641155234657
Callithrix_jacchus_NCBI.taxid9483	406.008100137481	380374	228396	25223	152223	50950	0.711890717168581	0.266076893349905	0.991958659429026
Caligus_rogercresseyi_NCBI.taxid217165	1477.21552321552	6915	946	72	830	44	0.124567474048443	0.0165912518853695	0.225237449118046
Calidris_pugnax_NCBI.taxid198806	759.332852952667	270525	170080	13843	136042	20195	0.802632341856555	0.174276616125441	0.99012365446619
Caenorhabditis_nigoni_NCBI.taxid1611254	1906.22278911565	94261	73090	6353	65006	1731	0.809093224656139	0.0907851261341585	0.965311395562947
Caenorhabditis_elegans_NCBI.taxid6239	16272.0552188552	208971	113413	8117	98694	6602	0.620660651475761	0.0707435466069458	0.962211172857561
Caenorhabditis_briggsae_NCBI.taxid6238	8454.13333333333	174730	84184	4362	77254	2568	0.680180882582255	0.0322625224568765	0.870761947700631
Brugia_malayi_NCBI.taxid6279	1552.73906991759	174157	84782	3385	78786	2611	0.363939361358994	0.0313829659366812	0.964828920620147
Brassica_rapa_NCBI.taxid3711	5217.98391959799	370147	182287	10402	154751	17134	0.746412169919633	0.0859648594679751	0.986322236881521
Brassica_oleracea_NCBI.taxid3712	4572.92387540979	366357	186314	9320	156864	20130	0.784313725490196	0.102731336885296	0.989515915370349
Brassica_cretica_NCBI.taxid69181	168.308016877637	127550	97051	17617	78185	1249	0.761059270779333	0.0654234979833429	0.91647032621819
Brassica_carinata_NCBI.taxid52824	317.244878681498	324412	233919	32639	196142	5138	0.8006034144427	0.0658751730857993	0.953775383179024
Branchiostoma_floridae_NCBI.taxid7739	2851.15503005086	234853	165449	25364	117959	22126	0.903598147488422	0.254471011742516	0.984353355475074
Bradysia_coprophila_NCBI.taxid38358	782.359477124183	150431	87192	4798	72706	9688	0.668710801393728	0.138538538538539	0.991544609006355
Bothrops_jararaca_NCBI.taxid8724	858.52645861601	1806	738	43	686	9	0.754385964912281	0.0087463556851312	0.952777777777778
Bos_taurus_NCBI.taxid9913	641.940668120455	308332	201692	20816	145055	35821	0.837699706225603	0.260298659303128	0.994426467765377
Bos_indicus_NCBI.taxid9915	1894.7262780817	397920	165485	13581	131001	20903	0.78798955613577	0.0843151886735373	0.986676206974467
Bombyx_mori_NCBI.taxid7091	543.990734747659	114967	78082	10377	60481	7224	0.870334647320305	0.173578739968283	0.984615635073096
Bombus_vosnesenskii_NCBI.taxid207650	1770.05299313052	171219	74205	5996	53839	14370	0.825440528634361	0.131495868449227	0.984727658484837
Bombus_vancouverensis_NCBI.taxid2705177	201.881109687858	104629	68067	11259	46474	10334	0.837287127240277	0.234538480742607	0.986269391566393
Bombus_terrestris_NCBI.taxid30195	2633.14186122438	266750	76226	2217	56781	17228	0.661396181384248	0.0838174193108951	0.981419386061947
Bombus_bifarius_NCBI.taxid103933	188.623052959502	110869	70158	8638	50071	11449	0.809331959149255	0.231479983825313	0.98689293598234
Blattella_germanica_NCBI.taxid6973	1037.7121559633	141108	58339	4491	50227	3621	0.434753146176186	0.0633507120613038	0.682246672099973
Betta_splendens_NCBI.taxid158456	3920.84642857143	464007	258986	5591	213452	39943	0.838985594237695	0.164617686211316	0.994177976916843
Beta_vulgaris_NCBI.taxid161934	5790.90738060781	301855	106489	2801	89793	13895	0.795286768881317	0.0668832731648616	0.991278716757007
Benincasa_hispida_NCBI.taxid102211	5945.74713045419	406219	115738	1763	94971	19004	0.697389240506329	0.0616954897103844	0.992776651125839
Bemisia_tabaci_NCBI.taxid7038	4161.79217719133	225922	97560	2326	82544	12690	0.652637485970819	0.0914383709702987	0.987651957499761
Belonocnema_treatae_NCBI.taxid1159321	598.681409295353	158330	82553	6556	61251	14746	0.72570290015497	0.169241363479858	0.985281343499662
Batillaria_attramentaria_NCBI.taxid370345	2298.04534196454	185306	86636	6345	77607	2684	0.523040145082846	0.0407518751328535	0.723183584467865
Balaenoptera_acutorostrata_NCBI.taxid9767	414.008931332495	328903	181900	17889	137708	26303	0.750786922398959	0.159044872143717	0.985776155195247
Bagarius_yarrelli_NCBI.taxid175774	637.247352854185	199603	114405	8674	101403	4328	0.670531849103278	0.0758606183832293	0.782340006943641
Bactrocera_oleae_NCBI.taxid104688	6368.70487106017	180966	54547	840	45802	7905	0.623145400593472	0.05969642048029	0.970422475528624
Bactrocera_latifrons_NCBI.taxid174628	643.199369582348	116601	61422	4760	46607	10055	0.298507462686567	0.190731818354262	0.972255251684503
Bactrocera_dorsalis_NCBI.taxid27457	2994.22415889745	163352	67088	6648	47656	12784	0.276965379327584	0.14374543205712	0.945292974173841
Atta_cephalotes_NCBI.taxid12957	0	1610	1530	786	724	20	0.952727272727273	0.606060606060606	0.962765957446808
Athalia_rosae_NCBI.taxid37344	367.747188676196	127572	77893	4753	58363	14777	0.804911092294666	0.235208913649025	0.991859556099385
Asterias_rubens_NCBI.taxid7604	363.292115457294	173748	145389	11441	122511	11437	0.914256033242768	0.303489452036619	0.991598475098949
Arvicola_amphibius_NCBI.taxid1047088	592.944992104383	274755	161023	20996	117851	22176	0.872216683283483	0.167777567618687	0.994456070476255
Arvicanthis_niloticus_NCBI.taxid61156	254.852439741328	231219	176781	29716	129213	17852	0.887786806883365	0.261928516931745	0.99708313077297
Armadillidium_vulgare_NCBI.taxid13347	327.711248445274	88833	58220	7404	49207	1609	0.635372865356561	0.0852766588933644	0.843857182055152
Arctia_plantaginis_NCBI.taxid874455	1730.39224806202	148917	81010	6295	71543	3172	0.759715182235095	0.0471035476158655	0.976163187337972
Archocentrus_centrarchus_NCBI.taxid63155	666.324429967427	323211	246980	22346	204695	19939	0.883695179341163	0.217769768457842	0.991912349053129
Arachis_ipaensis_NCBI.taxid130454	1098.09493401447	261309	147952	10444	116468	21040	0.825482137211508	0.161287849750862	0.985288519292428
Arabidopsis_thaliana_NCBI.taxid3702	5270.44713182117	241310	120166	3723	106416	10027	0.741929055400558	0.0776931480950573	0.992381076720786
Arabidopsis_lyrata_NCBI.taxid59689	3342.06453068592	248211	99824	4360	93224	2240	0.707447671588512	0.0159138379346112	0.920367262316122
Aquila_chrysaetos_NCBI.taxid8962	470.693771133358	252135	171989	25333	124141	22515	0.82990990990991	0.233941522412252	0.990212813477123
Apteryx_rowi_NCBI.taxid308060	2160.18650138842	384240	154026	12057	107082	34887	0.864983140827893	0.13340343766132	0.984336219734157
Apostasia_shenzhenica_NCBI.taxid1088818	739.707427835999	168021	65950	1013	62796	2141	0.503980099502488	0.022466840161182	0.888015272573004
Apium_graveolens_NCBI.taxid4045	696.109724430313	9886	4851	312	4396	143	0.65	0.0313321647677476	0.907889301941347
Apis_mellifera_NCBI.taxid7460	1912.91976351351	214183	80857	2217	58963	19677	0.654948301329394	0.130273297846985	0.986762392475818
Apis_florea_NCBI.taxid7463	490.906199701426	85999	56815	7720	39555	9540	0.834865361738942	0.264720572728786	0.97153313356585
Apis_cerana_NCBI.taxid7461	1395.15249875342	149166	69486	2147	54858	12481	0.721680672268908	0.1390935128328	0.971625929861849
Aphelenchus_avenae_NCBI.taxid70226	754.075320852467	198569	134014	26898	104692	2424	0.705003538384924	0.0532688715525766	0.911070306585096
Aphelenchoides_besseyi_NCBI.taxid269767	941.055393586006	108424	76772	4265	71094	1413	0.666718774425512	0.0610657331777518	0.901201703681168
Anser_cygnoides_NCBI.taxid8845	6168.18048946295	498276	170309	5487	133128	31694	0.607170521190661	0.0898208344433171	0.976147703859042
Anoplophora_glabripennis_NCBI.taxid217634	333.960302301615	97483	68892	9731	52223	6938	0.849794777748668	0.209064063159164	0.988211028270825
Anopheles_stephensi_NCBI.taxid30069	3334.23635525082	150805	61026	4103	41642	15281	0.197668256491786	0.177187449270657	0.950600374377939
Anopheles_gambiae_NCBI.taxid7165	71.3870023309273	37938	28899	5275	22233	1391	0.763165509259259	0.208890223757321	0.912422538679361
Anopheles_funestus_NCBI.taxid62324	2538.33157099698	129586	58276	3553	42003	12720	0.182918039538715	0.191892829664942	0.957333333333333
Anopheles_coluzzii_NCBI.taxid1518534	1346.20193060266	103749	54782	3977	39964	10841	0.277510292373177	0.225220733354108	0.968049802582177
Anopheles_aquasalis_NCBI.taxid42839	228.784811111038	63188	48223	7870	32652	7701	0.686496859734822	0.41470113085622	0.984858538939494
Anopheles_albimanus_NCBI.taxid7167	4232.17926759492	184551	57170	1424	42803	12943	0.0716261757456868	0.109737589554453	0.916062065275548
Anolis_carolinensis_NCBI.taxid28377	4505.1714179607	366524	179233	5022	152869	21342	0.688699945145365	0.104683844195594	0.983959938465896
Anneissia_japonica_NCBI.taxid1529436	2038.67738478028	261517	156929	8635	131206	17088	0.813624799773862	0.144743640783689	0.98764744405218
Angiostrongylus_cantonensis_NCBI.taxid6313	2596.79550827423	241309	70134	720	65696	3718	0.342857142857143	0.0226289233915388	0.877045897524898
Ancylostoma_ceylanicum_NCBI.taxid53326	2047.17761557178	173537	77781	722	72753	4306	0.531272994849154	0.0574194580755281	0.748595476714753
Anas_platyrhynchos_NCBI.taxid8839	3867.47594819611	325176	176821	15475	131145	30201	0.817183291968105	0.17396288146723	0.988781072583746
Anarrhichthys_ocellatus_NCBI.taxid433405	1280.05782713327	382780	228404	6122	198363	23919	0.895160111127358	0.135671380196369	0.993603486275295
Ananas_comosus_NCBI.taxid4615	6372.92718639864	328882	120929	2528	97293	21108	0.775222324440356	0.0928983874375044	0.988699761190996
Anabarilius_grahami_NCBI.taxid495550	669.921501706485	167633	109407	15401	91093	2913	0.734430138292799	0.0718390095933315	0.858444691558136
Alligator_sinensis_NCBI.taxid38654	4162.71989727384	861185	209864	3765	165796	40303	0.457806420233463	0.0590477753245555	0.972912705678004
Alligator_mississippiensis_NCBI.taxid8496	1836.07062707958	467691	210178	12338	165082	32758	0.634442330436571	0.116647912601308	0.986058680173938
Ailuropoda_melanoleuca_NCBI.taxid9646	2817.23682195756	632957	214551	10941	158318	45292	0.644763981377807	0.0995277639215152	0.983836588594262
Aegilops_tauschii_NCBI.taxid37682	1534.22418013626	189517	123287	11330	97186	14771	0.849070743405276	0.188853657912906	0.992108943537602
Aedes_albopictus_NCBI.taxid7160	2782.68998793727	161119	95223	15675	67890	11658	0.497177112408018	0.20262448944121	0.942183857000111
Aedes_aegypti_NCBI.taxid7159	2896.7444926973	161612	65569	5355	45237	14977	0.746861924686193	0.137836146441127	0.988052594792941
Adineta_vaga_NCBI.taxid104782	4502.80524941375	190800	124456	5406	116540	2510	0.66897661180547	0.0404362605319543	0.965966546756627
Acyrthosiphon_pisum_NCBI.taxid7029	3521.64900300464	232969	104008	6895	85467	11646	0.747587552856988	0.0848067344382628	0.988949573025387
Actinia_tenebrosa_NCBI.taxid6105	875.919791666666	211982	149624	4240	133267	12117	0.855356062134355	0.167214064914992	0.990383543523012
Acropora_millepora_NCBI.taxid45264	553.28908528542	181186	147020	17373	118936	10711	0.857671800947867	0.263227740778059	0.989163249860694
Acropora_digitifera_NCBI.taxid70779	2973.74942878903	224521	131952	7031	111058	13863	0.760848393031057	0.137348538139162	0.971236674333389
Acromyrmex_echinatior_NCBI.taxid103372	1412.60619834711	150101	74883	4375	56158	14350	0.773104788831949	0.16430984141524	0.983382072250337
Acomys_russatus_NCBI.taxid60746	3470.04320935018	282938	165324	12344	131566	21414	0.838643929614784	0.160826135936913	0.974065107463593
Acipenser_ruthenus_NCBI.taxid7906	1182.5439974883	494430	344529	45121	268274	31134	0.845659344778469	0.18401796796501	0.986722278618823
Acinonyx_jubatus_NCBI.taxid32536	0.033727935256665	856	849	728	119	2	0.993178717598909	0.5	1
Acanthochromis_polyacanthus_NCBI.taxid80966	2530.63908247285	362145	224639	11727	196340	16572	0.855049216186657	0.110295438965464	0.990720510245788
Acanthocheilonema_viteae_NCBI.taxid6277	1063.97818366312	154383	71593	2418	66572	2603	0.615894039735099	0.0344540039708802	0.888728690242567
Abrus_precatorius_NCBI.taxid3816	4.48808473080317	71813	69505	58916	9705	884	0.969938428105759	0.651436993367723	0.999073502161828
